version 2
run AODVScenario_1f-0-20121004-12:23:14-1144
attr configname AODVScenario_1f
attr datetime 20121004-12:23:14
attr experiment AODVScenario_1f
attr inifile omnetpp.ini
attr iterationvars ""
attr iterationvars2 $repetition=0
attr measurement ""
attr network csma802154net
attr processid 1144
attr repetition 0
attr replication #0
attr resultdir results
attr runnumber 0
attr seedset 0

vector 386  csma802154net.dataCentricNetworkMan  RREQPacketFrequency  ETV
vector 387  csma802154net.dataCentricNetworkMan  DiscoveryPacketFrequency  ETV
vector 388  csma802154net.dataCentricNetworkMan  RegisterPacketFrequency  ETV
vector 389  csma802154net.dataCentricNetworkMan  RReplyPacketFrequency  ETV
vector 390  csma802154net.dataCentricNetworkMan  AODVDataPacketFrequency  ETV
vector 411  csma802154net.fixhost[19].udpApp  "End-to-end delay"  ETV
vector 383  csma802154net.dataCentricNetworkMan  dataPacketE2EDelay  ETV
vector 404  csma802154net.fixhost[12].udpApp  "End-to-end delay"  ETV
vector 409  csma802154net.fixhost[17].udpApp  "End-to-end delay"  ETV
vector 403  csma802154net.fixhost[11].udpApp  "End-to-end delay"  ETV
vector 398  csma802154net.fixhost[6].udpApp  "End-to-end delay"  ETV
vector 408  csma802154net.fixhost[16].udpApp  "End-to-end delay"  ETV
383	954265	70.520903692317	0.520903692317
383	990510	71.361579037787	0.361579037787
383	993094	71.475115818647	0.475115818647
383	1063562	73.123888737078	1.123888737078
383	1105002	74.248301906562	4.248301906562
383	1183465	76.541402914014	4.541402914014
386	11001	40.005	1
386	11142	40.01	0
386	13516	40.038576446436	160
386	14271	40.043576446436	0
386	20405	40.114321349957	88
386	20741	40.119321349957	0
386	20892	40.124321349957	0
386	26147	40.189365009997	39
386	26420	40.194365009997	0
386	27500	40.214308954533	8
386	27781	40.219308954533	13
386	27983	40.224308954533	0
386	28734	40.238623800786	9
386	28840	40.243623800786	0
386	29295	40.250562057759	12
386	29375	40.255562057759	0
386	30010	40.261669012089	0
386	30097	40.266669012089	0
386	30810	40.274268750508	0
386	30886	40.279268750508	0
386	34375	40.333665630504	12
386	34762	40.338665630504	0
386	37057	40.383168964116	1
386	37116	40.388168964116	0
386	39658	40.425680750948	0
386	39936	40.430680750948	0
386	44576	40.498453980339	3
386	44865	40.503453980339	0
386	46899	40.546040551731	0
386	47125	40.551040551731	0
386	47186	40.556040551731	0
386	48286	40.571920538069	6
386	48362	40.576920538069	0
386	48972	40.588625045868	16
386	50116	40.593625045868	0
386	53590	40.680483437565	23
386	53604	40.685483437565	0
386	54383	40.695308526353	60
386	54405	40.700308526353	0
386	55333	40.720162043011	34
386	55356	40.725162043011	0
386	56274	40.745124174139	28
386	56280	40.750124174139	0
386	58078	40.794830719031	0
386	58220	40.799830719031	0
386	58592	40.819180298792	35
386	59446	40.824180298792	74
386	59473	40.829180298792	0
386	60855	40.876724366111	0
386	61008	40.881724366111	0
386	62069	40.90730017157	136
386	62132	40.91230017157	0
386	62754	40.930726554767	0
386	62896	40.935726554767	0
386	63559	40.959150372489	0
386	63833	40.964150372489	0
386	64407	40.990518397766	7
386	64417	40.995518397766	0
386	65306	41.0142603607	0
386	65451	41.0192603607	0
386	66665	41.045062583217	0
386	66804	41.050062583217	0
386	68376	41.070196376007	33
386	68574	41.075196376007	0
386	84161	41.356101404585	0
386	84165	41.361101404585	0
386	85085	41.392958569194	7
386	85096	41.397958569194	0
386	85894	41.421529920286	98
386	85902	41.426529920286	0
386	86550	41.44780439054	0
386	86688	41.45280439054	0
386	87560	41.478977750869	118
386	87561	41.483977750869	0
386	88324	41.505209920286	98
386	88338	41.510209920286	0
386	89140	41.528588393915	0
386	89148	41.533588393915	0
386	90121	41.613292363449	81
386	90123	41.618292363449	0
386	90758	41.637737934993	0
386	90900	41.642737934993	0
386	91656	41.667185958697	0
386	91661	41.672185958697	0
386	93444	41.745802006105	0
386	93451	41.750802006105	0
386	93904	41.772108407691	34
386	93905	41.777108407691	0
386	95266	41.825378053513	0
386	95408	41.830378053513	0
386	96106	41.856076383115	109
386	96109	41.861076383115	0
386	96985	41.898969750868	118
386	96986	41.903969750868	0
386	97943	41.936604383836	0
386	97965	41.941604383836	0
386	124988	43.005	0
386	124993	43.01	0
386	149261	44.005	0
386	149266	44.01	0
386	175977	45.005	1
386	176008	45.01	0
386	178109	45.042460840856	39
386	178257	45.047460840856	0
386	179642	45.068470580375	0
386	179805	45.073470580375	0
386	180613	45.09286966069	16
386	180811	45.09786966069	0
386	181530	45.118016627665	49
386	181811	45.123016627665	0
386	183736	45.149006152713	30
386	183805	45.154006152713	0
386	188813	45.226616478689	9
386	188893	45.231616478689	0
386	201138	46.005	0
386	201148	46.01	0
386	228107	47.005	0
386	228109	47.01	0
386	254385	48.005	0
386	254387	48.01	0
386	282755	49.005	0
386	282756	49.01	0
386	311457	50.005	0
386	311458	50.01	0
386	312085	50.022988017254	0
386	312089	50.027988017254	0
386	340973	51.005	0
386	340974	51.01	0
386	366983	52.005	1
386	366990	52.01	0
386	370002	52.040492719281	207
386	370676	52.045492719281	0
386	376622	52.091589796616	5
386	376694	52.096589796616	0
386	378735	52.142506841882	3
386	378936	52.147506841882	0
386	379701	52.164923364215	43
386	379940	52.169923364215	8
386	380146	52.174923364215	0
386	381194	52.200715442753	9
386	381253	52.205715442753	0
386	381845	52.210965813128	0
386	381942	52.215965813128	0
386	382783	52.225871663238	44
386	382841	52.230871663238	0
386	383718	52.251483356821	4
386	383892	52.256483356821	0
386	384878	52.270747704878	0
386	384935	52.275747704878	0
386	385225	52.282123101246	20
386	385276	52.287123101246	0
386	386627	52.315891835331	21
386	386988	52.320891835331	0
386	387913	52.346163692776	0
386	387950	52.351163692776	0
386	389511	52.392013676979	0
386	389685	52.397013676979	0
386	390918	52.437929748543	0
386	390939	52.442929748543	0
386	395028	52.554569220672	0
386	395048	52.559569220672	0
386	400936	52.719209805171	0
386	400947	52.724209805171	0
386	407022	53.005	1
386	407169	53.01	0
386	409747	53.036532326617	148
386	410304	53.041532326617	0
386	421229	53.185640647085	0
386	421750	53.190640647085	0
386	423461	53.209297958335	0
386	423546	53.214297958335	0
386	445075	53.651993183003	0
386	445312	53.656993183003	0
386	454361	53.896754129895	0
386	454503	53.901754129895	0
386	455087	53.926949022169	0
386	455225	53.931949022169	0
386	457163	54.005	0
386	457170	54.01	0
386	933536	70.00501	1
386	933543	70.01001	0
386	936266	70.140903583851	237
386	937120	70.145903583851	0
386	940091	70.167683704015	9
386	940198	70.172683704015	0
386	942267	70.192576789859	16
386	942365	70.197576789859	0
386	943331	70.217397002044	9
386	943352	70.222397002044	0
386	944504	70.243342630374	69
386	944578	70.248342630374	0
386	945724	70.267645719381	66
386	945787	70.272645719381	0
386	947026	70.292192369322	78
386	947064	70.297192369322	0
386	948071	70.318176528365	24
386	948104	70.323176528365	0
386	948944	70.342910851659	55
386	949090	70.347910851659	0
386	949999	70.367906529428	75
386	950006	70.372906529428	0
386	950692	70.393055041551	76
386	950962	70.398055041551	0
386	951936	70.42378946032	79
386	951937	70.42878946032	0
386	952747	70.44700765949	0
386	952891	70.45200765949	0
386	953598	70.467049147504	26
386	953812	70.472049147504	0
386	955886	70.557271712702	159
386	956431	70.562271712702	0
386	958962	70.584155740422	85
386	959151	70.589155740422	0
386	960930	70.608568972331	5
386	961004	70.613568972331	0
386	962065	70.633560255384	15
386	962098	70.638560255384	0
386	963125	70.658668609249	98
386	963721	70.663668609249	0
386	964840	70.68317251099	23
386	965410	70.68817251099	0
386	966749	70.712863522784	53
386	966788	70.717863522784	0
386	967905	70.737934105962	62
386	967960	70.742934105962	0
386	969037	70.763718407943	71
386	969078	70.768718407943	0
386	970203	70.789223968989	79
386	970235	70.794223968989	0
386	970964	70.814175621202	29
386	970978	70.819175621202	0
386	971728	70.842565869648	43
386	971819	70.847565869648	0
386	972072	70.852790454911	23
386	972077	70.857790454911	0
386	972571	70.869370323544	35
386	972573	70.874370323544	0
386	973325	70.89556209994	106
386	973464	70.90056209994	0
386	974219	70.92634184	115
386	974221	70.93134184	0
386	974615	71.00501	0
386	974616	71.01001	0
386	975232	71.023318021665	2
386	975376	71.028318021665	0
386	976951	71.055316025632	159
386	977487	71.060316025632	0
386	979316	71.081361565451	23
386	979466	71.086361565451	0
386	980709	71.106363789117	46
386	980842	71.111363789117	0
386	981927	71.132147736611	9
386	981955	71.137147736611	0
386	983292	71.157222788633	65
386	983327	71.162222788633	0
386	984593	71.184844707339	15
386	984632	71.189844707339	0
386	985667	71.209342524301	32
386	985680	71.214342524301	0
386	986694	71.234071976205	72
386	986717	71.239071976205	0
386	987623	71.258388701509	80
386	987628	71.263388701509	0
386	988094	71.284126863955	24
386	988103	71.289126863955	0
386	988840	71.298294681502	38
386	988856	71.303294681502	0
386	989525	71.32279887281	2
386	989526	71.32779887281	0
386	990287	71.349230996969	96
386	990292	71.354230996969	0
386	992741	71.457467803706	0
386	992879	71.462467803706	0
386	1007118	72.00501	0
386	1007124	72.01001	0
386	1007815	72.024268019783	0
386	1007958	72.029268019783	0
386	1008676	72.048206038682	3
386	1008846	72.053206038682	0
386	1010141	72.079564042649	48
386	1010366	72.084564042649	0
386	1012199	72.105932042649	50
386	1012418	72.110932042649	0
386	1014171	72.130149982225	86
386	1014340	72.135149982225	0
386	1015744	72.154732042648	8
386	1015822	72.159732042648	0
386	1016968	72.178732918419	14
386	1017010	72.183732918419	0
386	1018156	72.203656435688	19
386	1018206	72.208656435688	0
386	1022149	72.274005628477	22
386	1022189	72.279005628477	0
386	1025316	72.32322071889	11
386	1025363	72.32822071889	0
386	1028900	72.39968471889	59
386	1029024	72.40468471889	0
386	1030507	72.423953549151	93
386	1030772	72.428953549151	0
386	1032553	72.449049078069	2
386	1032604	72.454049078069	0
386	1034270	72.472474482009	42
386	1034579	72.477474482009	0
386	1035672	72.49992660835	2
386	1036033	72.50492660835	24
386	1036230	72.50992660835	0
386	1037575	72.52648947357	28
386	1037897	72.53148947357	0
386	1040083	72.576561517776	55
386	1040296	72.581561517776	0
386	1041154	72.603088844981	5
386	1041372	72.608088844981	7
386	1041392	72.613088844981	0
386	1042162	72.630025501944	22
386	1042197	72.635025501944	0
386	1043274	72.656061267804	108
386	1043702	72.661061267804	0
386	1045158	72.681018195157	88
386	1045286	72.686018195157	0
386	1046242	72.705494793878	72
386	1046631	72.710494793878	0
386	1048020	72.731760391914	58
386	1048402	72.736760391914	0
386	1049695	72.758111699772	44
386	1049739	72.763111699772	0
386	1050775	72.785532562869	14
386	1050803	72.790532562869	0
386	1051770	72.80779867325	25
386	1051805	72.81279867325	0
386	1052890	72.834922975408	62
386	1052994	72.839922975408	0
386	1054141	72.860139983703	70
386	1054180	72.865139983703	0
386	1054893	72.885278174208	18
386	1054924	72.890278174208	0
386	1056241	72.910170779861	111
386	1056268	72.915170779861	0
386	1057253	72.937431861277	19
386	1057266	72.942431861277	0
386	1057906	72.962559134335	51
386	1057933	72.967559134335	0
386	1058491	72.974478967581	24
386	1058504	72.979478967581	0
386	1059601	73.000291568324	72
386	1059620	73.005291568324	0
386	1060535	73.026875983703	123
386	1060546	73.031875983703	0
386	1061468	73.05193763875	124
386	1061480	73.05693763875	0
386	1062217	73.076805940694	117
386	1062354	73.081805940694	0
386	1063153	73.106344097652	120
386	1063300	73.111344097652	0
386	1067871	73.270945675899	1
386	1067882	73.275945675899	0
386	1071507	73.434740032895	158
386	1072049	73.439740032895	0
386	1073581	73.462821596036	2
386	1073648	73.467821596036	0
386	1075449	73.506734352678	101
386	1075552	73.511734352678	0
386	1076985	73.531383417243	47
386	1077071	73.536383417243	0
386	1078625	73.556878851957	25
386	1078716	73.561878851957	0
386	1080075	73.582229383844	66
386	1080223	73.587229383844	0
386	1081685	73.607066062669	30
386	1081716	73.612066062669	0
386	1082822	73.632924630691	4
386	1082861	73.637924630691	0
386	1083860	73.657617940876	79
386	1084021	73.662617940876	0
386	1085222	73.680533978327	5
386	1085392	73.685533978327	0
386	1086184	73.7051356239	4
386	1086316	73.7101356239	0
386	1088095	73.755274696389	81
386	1088152	73.760274696389	0
386	1088967	73.781164638911	57
386	1089205	73.786164638911	15
386	1089225	73.791164638911	0
386	1090025	73.804733988362	0
386	1090193	73.809733988362	0
386	1090660	73.828656855823	23
386	1091331	73.833656855823	52
386	1091341	73.838656855823	0
386	1092168	73.853013998397	0
386	1092461	73.858013998397	0
386	1093257	73.883958142662	24
386	1093267	73.888958142662	0
386	1094026	73.908781833076	0
386	1094169	73.913781833076	0
386	1095827	73.961054046985	0
386	1096099	73.966054046985	0
386	1096987	73.993375312299	8
386	1096999	73.998375312299	0
386	1098642	74.032725858043	0
386	1098781	74.037725858043	0
386	1099442	74.060413694953	0
386	1099580	74.065413694953	0
386	1101976	74.142741874216	0
386	1101980	74.147741874216	0
386	1127034	74.848206038682	2
386	1127719	74.853206038682	0
386	1129417	74.88235077412	66
386	1129644	74.88735077412	0
386	1130930	74.908936461933	6
386	1130985	74.913936461933	0
386	1132064	74.934485426576	79
386	1132319	74.939485426576	0
386	1133948	74.959255591448	81
386	1134154	74.964255591448	0
386	1135647	74.983673996861	11
386	1135716	74.988673996861	0
386	1136968	75.008843886468	15
386	1137026	75.013843886468	0
386	1138437	75.033207307223	92
386	1138511	75.038207307223	0
386	1139807	75.057554506409	47
386	1139864	75.062554506409	0
386	1141034	75.085625821044	80
386	1141106	75.090625821044	0
386	1142270	75.110212030344	50
386	1142300	75.115212030344	0
386	1143136	75.137328857426	4
386	1143154	75.142328857426	0
386	1143936	75.161924850186	80
386	1144250	75.166924850186	1
386	1144525	75.171924850186	0
386	1145252	75.195437450373	7
386	1145264	75.200437450373	0
386	1146226	75.222533536928	112
386	1146320	75.227533536928	0
386	1147575	75.248376154402	124
386	1147597	75.253376154402	0
386	1148568	75.273657649181	18
386	1148570	75.278657649181	0
386	1149208	75.299627533379	6
386	1149340	75.304627533379	0
386	1150142	75.329828636894	117
386	1150274	75.334828636894	0
386	1151289	75.359647407709	123
386	1151290	75.364647407709	0
386	1152100	75.386475537215	108
386	1152113	75.391475537215	0
386	1152950	75.411089359076	121
386	1152954	75.416089359076	0
386	1153869	75.448704015603	97
386	1153876	75.453704015603	0
386	1154551	75.473461534108	105
386	1154557	75.478461534108	0
386	1155588	75.514077369268	106
386	1155590	75.519077369268	0
386	1183243	76.527144885329	0
386	1183244	76.532144885329	0
386	1271710	80.005	1
386	1271823	80.01	0
386	1287483	80.297057769167	86
386	1287821	80.302057769167	0
386	1290272	80.344831310968	0
386	1290921	80.349831310968	0
386	1292648	80.375512608142	0
386	1293053	80.380512608142	0
386	1295773	80.448206038682	1
386	1295798	80.453206038682	0
386	1299167	80.521129217109	21
386	1299193	80.526129217109	0
386	1300619	80.545860343481	2
386	1300650	80.550860343481	0
386	1301777	80.570335038852	17
386	1301847	80.575335038852	0
386	1303038	80.594593842784	59
386	1303233	80.599593842784	0
386	1304645	80.61946031979	61
386	1304815	80.62446031979	0
386	1306173	80.644418032326	13
386	1306229	80.649418032326	0
386	1307251	80.666740178367	0
386	1307623	80.671740178367	0
386	1308181	80.692206291588	25
386	1308674	80.697206291588	28
386	1308816	80.702206291588	0
386	1308939	80.707206291588	0
386	1309687	80.715277114589	0
386	1310191	80.720277114589	0
386	1311206	80.748447274878	5
386	1311245	80.753447274878	0
386	1312491	80.772977050949	59
386	1312649	80.777977050949	0
386	1313856	80.797233820645	41
386	1313987	80.802233820645	0
386	1315157	80.821137171808	33
386	1315357	80.826137171808	0
386	1316208	80.847363263141	53
386	1316572	80.852363263141	0
386	1316938	80.857363263141	0
386	1317439	80.87136350846	0
386	1317488	80.87636350846	0
386	1318100	80.883693347391	29
386	1318144	80.888693347391	0
386	1318418	80.895665839259	11
386	1318489	80.900665839259	0
386	1319354	80.908382562598	16
386	1319635	80.913382562598	0
386	1320565	80.933428252296	9
386	1320609	80.938428252296	0
386	1321511	80.957966096854	6
386	1321552	80.962966096854	0
386	1322338	80.981081079613	0
386	1322624	80.986081079613	0
386	1323465	81.005933701954	3
386	1323500	81.010933701954	0
386	1324554	81.030217483537	40
386	1324592	81.035217483537	0
386	1325645	81.054729499919	49
386	1325671	81.059729499919	0
386	1326625	81.079825609522	80
386	1326648	81.084825609522	0
386	1329191	81.137796262722	16
386	1329214	81.142796262722	0
386	1330001	81.161013053545	0
386	1330165	81.166013053545	0
386	1330422	81.185319424505	11
386	1330958	81.190319424505	0
386	1331216	81.195319424505	0
386	1332360	81.242456216758	0
386	1332503	81.247456216758	0
386	1332684	81.259061577081	6
386	1332772	81.264061577081	0
386	1333328	81.271584243852	0
386	1333477	81.276584243852	0
386	1334239	81.302811504053	76
386	1334281	81.307811504053	0
386	1339239	81.397374914106	12
386	1339386	81.402374914106	0
387	11001	40.005	0
387	11142	40.01	0
387	13516	40.038576446436	0
387	14271	40.043576446436	0
387	20405	40.114321349957	0
387	20741	40.119321349957	0
387	20892	40.124321349957	0
387	26147	40.189365009997	0
387	26420	40.194365009997	0
387	27500	40.214308954533	0
387	27781	40.219308954533	0
387	27983	40.224308954533	0
387	28734	40.238623800786	0
387	28840	40.243623800786	0
387	29295	40.250562057759	0
387	29375	40.255562057759	0
387	30010	40.261669012089	0
387	30097	40.266669012089	0
387	30810	40.274268750508	0
387	30886	40.279268750508	0
387	34375	40.333665630504	0
387	34762	40.338665630504	0
387	37057	40.383168964116	0
387	37116	40.388168964116	0
387	39658	40.425680750948	0
387	39936	40.430680750948	0
387	44576	40.498453980339	0
387	44865	40.503453980339	0
387	46899	40.546040551731	0
387	47125	40.551040551731	0
387	47186	40.556040551731	0
387	48286	40.571920538069	0
387	48362	40.576920538069	0
387	48972	40.588625045868	0
387	50116	40.593625045868	0
387	53590	40.680483437565	0
387	53604	40.685483437565	0
387	54383	40.695308526353	0
387	54405	40.700308526353	0
387	55333	40.720162043011	0
387	55356	40.725162043011	0
387	56274	40.745124174139	0
387	56280	40.750124174139	0
387	58078	40.794830719031	0
387	58220	40.799830719031	0
387	58592	40.819180298792	0
387	59446	40.824180298792	0
387	59473	40.829180298792	0
387	60855	40.876724366111	0
387	61008	40.881724366111	0
387	62069	40.90730017157	0
387	62132	40.91230017157	0
387	62754	40.930726554767	0
387	62896	40.935726554767	0
387	63559	40.959150372489	0
387	63833	40.964150372489	0
387	64407	40.990518397766	0
387	64417	40.995518397766	0
387	65306	41.0142603607	0
387	65451	41.0192603607	0
387	66665	41.045062583217	0
387	66804	41.050062583217	0
387	68376	41.070196376007	0
387	68574	41.075196376007	0
387	84161	41.356101404585	0
387	84165	41.361101404585	0
387	85085	41.392958569194	0
387	85096	41.397958569194	0
387	85894	41.421529920286	0
387	85902	41.426529920286	0
387	86550	41.44780439054	0
387	86688	41.45280439054	0
387	87560	41.478977750869	0
387	87561	41.483977750869	0
387	88324	41.505209920286	0
387	88338	41.510209920286	0
387	89140	41.528588393915	0
387	89148	41.533588393915	0
387	90121	41.613292363449	0
387	90123	41.618292363449	0
387	90758	41.637737934993	0
387	90900	41.642737934993	0
387	91656	41.667185958697	0
387	91661	41.672185958697	0
387	93444	41.745802006105	0
387	93451	41.750802006105	0
387	93904	41.772108407691	0
387	93905	41.777108407691	0
387	95266	41.825378053513	0
387	95408	41.830378053513	0
387	96106	41.856076383115	0
387	96109	41.861076383115	0
387	96985	41.898969750868	0
387	96986	41.903969750868	0
387	97943	41.936604383836	0
387	97965	41.941604383836	0
387	124988	43.005	0
387	124993	43.01	0
387	149261	44.005	0
387	149266	44.01	0
387	175977	45.005	0
387	176008	45.01	0
387	178109	45.042460840856	0
387	178257	45.047460840856	0
387	179642	45.068470580375	0
387	179805	45.073470580375	0
387	180613	45.09286966069	0
387	180811	45.09786966069	0
387	181530	45.118016627665	0
387	181811	45.123016627665	0
387	183736	45.149006152713	0
387	183805	45.154006152713	0
387	188813	45.226616478689	0
387	188893	45.231616478689	0
387	201138	46.005	0
387	201148	46.01	0
387	228107	47.005	0
387	228109	47.01	0
387	254385	48.005	0
387	254387	48.01	0
387	282755	49.005	0
387	282756	49.01	0
387	311457	50.005	0
387	311458	50.01	0
387	312085	50.022988017254	0
387	312089	50.027988017254	0
387	340973	51.005	0
387	340974	51.01	0
387	366983	52.005	0
387	366990	52.01	0
387	370002	52.040492719281	0
387	370676	52.045492719281	0
387	376622	52.091589796616	0
387	376694	52.096589796616	0
387	378735	52.142506841882	0
387	378936	52.147506841882	0
387	379701	52.164923364215	0
387	379940	52.169923364215	0
387	380146	52.174923364215	0
387	381194	52.200715442753	0
387	381253	52.205715442753	0
387	381845	52.210965813128	0
387	381942	52.215965813128	0
387	382783	52.225871663238	0
387	382841	52.230871663238	0
387	383718	52.251483356821	0
387	383892	52.256483356821	0
387	384878	52.270747704878	0
387	384935	52.275747704878	0
387	385225	52.282123101246	0
387	385276	52.287123101246	0
387	386627	52.315891835331	0
387	386988	52.320891835331	0
387	387913	52.346163692776	0
387	387950	52.351163692776	0
387	389511	52.392013676979	0
387	389685	52.397013676979	0
387	390918	52.437929748543	0
387	390939	52.442929748543	0
387	395028	52.554569220672	0
387	395048	52.559569220672	0
387	400936	52.719209805171	0
387	400947	52.724209805171	0
387	407022	53.005	0
387	407169	53.01	0
387	409747	53.036532326617	0
387	410304	53.041532326617	0
387	421229	53.185640647085	0
387	421750	53.190640647085	0
387	423461	53.209297958335	0
387	423546	53.214297958335	0
387	445075	53.651993183003	0
387	445312	53.656993183003	0
387	454361	53.896754129895	0
387	454503	53.901754129895	0
387	455087	53.926949022169	0
387	455225	53.931949022169	0
387	457163	54.005	0
387	457170	54.01	0
387	933536	70.00501	0
387	933543	70.01001	0
387	936266	70.140903583851	0
387	937120	70.145903583851	0
387	940091	70.167683704015	0
387	940198	70.172683704015	0
387	942267	70.192576789859	0
387	942365	70.197576789859	0
387	943331	70.217397002044	0
387	943352	70.222397002044	0
387	944504	70.243342630374	0
387	944578	70.248342630374	0
387	945724	70.267645719381	0
387	945787	70.272645719381	0
387	947026	70.292192369322	0
387	947064	70.297192369322	0
387	948071	70.318176528365	0
387	948104	70.323176528365	0
387	948944	70.342910851659	0
387	949090	70.347910851659	0
387	949999	70.367906529428	0
387	950006	70.372906529428	0
387	950692	70.393055041551	0
387	950962	70.398055041551	0
387	951936	70.42378946032	0
387	951937	70.42878946032	0
387	952747	70.44700765949	0
387	952891	70.45200765949	0
387	953598	70.467049147504	0
387	953812	70.472049147504	0
387	955886	70.557271712702	0
387	956431	70.562271712702	0
387	958962	70.584155740422	0
387	959151	70.589155740422	0
387	960930	70.608568972331	0
387	961004	70.613568972331	0
387	962065	70.633560255384	0
387	962098	70.638560255384	0
387	963125	70.658668609249	0
387	963721	70.663668609249	0
387	964840	70.68317251099	0
387	965410	70.68817251099	0
387	966749	70.712863522784	0
387	966788	70.717863522784	0
387	967905	70.737934105962	0
387	967960	70.742934105962	0
387	969037	70.763718407943	0
387	969078	70.768718407943	0
387	970203	70.789223968989	0
387	970235	70.794223968989	0
387	970964	70.814175621202	0
387	970978	70.819175621202	0
387	971728	70.842565869648	0
387	971819	70.847565869648	0
387	972072	70.852790454911	0
387	972077	70.857790454911	0
387	972571	70.869370323544	0
387	972573	70.874370323544	0
387	973325	70.89556209994	0
387	973464	70.90056209994	0
387	974219	70.92634184	0
387	974221	70.93134184	0
387	974615	71.00501	0
387	974616	71.01001	0
387	975232	71.023318021665	0
387	975376	71.028318021665	0
387	976951	71.055316025632	0
387	977487	71.060316025632	0
387	979316	71.081361565451	0
387	979466	71.086361565451	0
387	980709	71.106363789117	0
387	980842	71.111363789117	0
387	981927	71.132147736611	0
387	981955	71.137147736611	0
387	983292	71.157222788633	0
387	983327	71.162222788633	0
387	984593	71.184844707339	0
387	984632	71.189844707339	0
387	985667	71.209342524301	0
387	985680	71.214342524301	0
387	986694	71.234071976205	0
387	986717	71.239071976205	0
387	987623	71.258388701509	0
387	987628	71.263388701509	0
387	988094	71.284126863955	0
387	988103	71.289126863955	0
387	988840	71.298294681502	0
387	988856	71.303294681502	0
387	989525	71.32279887281	0
387	989526	71.32779887281	0
387	990287	71.349230996969	0
387	990292	71.354230996969	0
387	992741	71.457467803706	0
387	992879	71.462467803706	0
387	1007118	72.00501	0
387	1007124	72.01001	0
387	1007815	72.024268019783	0
387	1007958	72.029268019783	0
387	1008676	72.048206038682	0
387	1008846	72.053206038682	0
387	1010141	72.079564042649	0
387	1010366	72.084564042649	0
387	1012199	72.105932042649	0
387	1012418	72.110932042649	0
387	1014171	72.130149982225	0
387	1014340	72.135149982225	0
387	1015744	72.154732042648	0
387	1015822	72.159732042648	0
387	1016968	72.178732918419	0
387	1017010	72.183732918419	0
387	1018156	72.203656435688	0
387	1018206	72.208656435688	0
387	1022149	72.274005628477	0
387	1022189	72.279005628477	0
387	1025316	72.32322071889	0
387	1025363	72.32822071889	0
387	1028900	72.39968471889	0
387	1029024	72.40468471889	0
387	1030507	72.423953549151	0
387	1030772	72.428953549151	0
387	1032553	72.449049078069	0
387	1032604	72.454049078069	0
387	1034270	72.472474482009	0
387	1034579	72.477474482009	0
387	1035672	72.49992660835	0
387	1036033	72.50492660835	0
387	1036230	72.50992660835	0
387	1037575	72.52648947357	0
387	1037897	72.53148947357	0
387	1040083	72.576561517776	0
387	1040296	72.581561517776	0
387	1041154	72.603088844981	0
387	1041372	72.608088844981	0
387	1041392	72.613088844981	0
387	1042162	72.630025501944	0
387	1042197	72.635025501944	0
387	1043274	72.656061267804	0
387	1043702	72.661061267804	0
387	1045158	72.681018195157	0
387	1045286	72.686018195157	0
387	1046242	72.705494793878	0
387	1046631	72.710494793878	0
387	1048020	72.731760391914	0
387	1048402	72.736760391914	0
387	1049695	72.758111699772	0
387	1049739	72.763111699772	0
387	1050775	72.785532562869	0
387	1050803	72.790532562869	0
387	1051770	72.80779867325	0
387	1051805	72.81279867325	0
387	1052890	72.834922975408	0
387	1052994	72.839922975408	0
387	1054141	72.860139983703	0
387	1054180	72.865139983703	0
387	1054893	72.885278174208	0
387	1054924	72.890278174208	0
387	1056241	72.910170779861	0
387	1056268	72.915170779861	0
387	1057253	72.937431861277	0
387	1057266	72.942431861277	0
387	1057906	72.962559134335	0
387	1057933	72.967559134335	0
387	1058491	72.974478967581	0
387	1058504	72.979478967581	0
387	1059601	73.000291568324	0
387	1059620	73.005291568324	0
387	1060535	73.026875983703	0
387	1060546	73.031875983703	0
387	1061468	73.05193763875	0
387	1061480	73.05693763875	0
387	1062217	73.076805940694	0
387	1062354	73.081805940694	0
387	1063153	73.106344097652	0
387	1063300	73.111344097652	0
387	1067871	73.270945675899	0
387	1067882	73.275945675899	0
387	1071507	73.434740032895	0
387	1072049	73.439740032895	0
387	1073581	73.462821596036	0
387	1073648	73.467821596036	0
387	1075449	73.506734352678	0
387	1075552	73.511734352678	0
387	1076985	73.531383417243	0
387	1077071	73.536383417243	0
387	1078625	73.556878851957	0
387	1078716	73.561878851957	0
387	1080075	73.582229383844	0
387	1080223	73.587229383844	0
387	1081685	73.607066062669	0
387	1081716	73.612066062669	0
387	1082822	73.632924630691	0
387	1082861	73.637924630691	0
387	1083860	73.657617940876	0
387	1084021	73.662617940876	0
387	1085222	73.680533978327	0
387	1085392	73.685533978327	0
387	1086184	73.7051356239	0
387	1086316	73.7101356239	0
387	1088095	73.755274696389	0
387	1088152	73.760274696389	0
387	1088967	73.781164638911	0
387	1089205	73.786164638911	0
387	1089225	73.791164638911	0
387	1090025	73.804733988362	0
387	1090193	73.809733988362	0
387	1090660	73.828656855823	0
387	1091331	73.833656855823	0
387	1091341	73.838656855823	0
387	1092168	73.853013998397	0
387	1092461	73.858013998397	0
387	1093257	73.883958142662	0
387	1093267	73.888958142662	0
387	1094026	73.908781833076	0
387	1094169	73.913781833076	0
387	1095827	73.961054046985	0
387	1096099	73.966054046985	0
387	1096987	73.993375312299	0
387	1096999	73.998375312299	0
387	1098642	74.032725858043	0
387	1098781	74.037725858043	0
387	1099442	74.060413694953	0
387	1099580	74.065413694953	0
387	1101976	74.142741874216	0
387	1101980	74.147741874216	0
387	1127034	74.848206038682	0
387	1127719	74.853206038682	0
387	1129417	74.88235077412	0
387	1129644	74.88735077412	0
387	1130930	74.908936461933	0
387	1130985	74.913936461933	0
387	1132064	74.934485426576	0
387	1132319	74.939485426576	0
387	1133948	74.959255591448	0
387	1134154	74.964255591448	0
387	1135647	74.983673996861	0
387	1135716	74.988673996861	0
387	1136968	75.008843886468	0
387	1137026	75.013843886468	0
387	1138437	75.033207307223	0
387	1138511	75.038207307223	0
387	1139807	75.057554506409	0
387	1139864	75.062554506409	0
387	1141034	75.085625821044	0
387	1141106	75.090625821044	0
387	1142270	75.110212030344	0
387	1142300	75.115212030344	0
387	1143136	75.137328857426	0
387	1143154	75.142328857426	0
387	1143936	75.161924850186	0
387	1144250	75.166924850186	0
387	1144525	75.171924850186	0
387	1145252	75.195437450373	0
387	1145264	75.200437450373	0
387	1146226	75.222533536928	0
387	1146320	75.227533536928	0
387	1147575	75.248376154402	0
387	1147597	75.253376154402	0
387	1148568	75.273657649181	0
387	1148570	75.278657649181	0
387	1149208	75.299627533379	0
387	1149340	75.304627533379	0
387	1150142	75.329828636894	0
387	1150274	75.334828636894	0
387	1151289	75.359647407709	0
387	1151290	75.364647407709	0
387	1152100	75.386475537215	0
387	1152113	75.391475537215	0
387	1152950	75.411089359076	0
387	1152954	75.416089359076	0
387	1153869	75.448704015603	0
387	1153876	75.453704015603	0
387	1154551	75.473461534108	0
387	1154557	75.478461534108	0
387	1155588	75.514077369268	0
387	1155590	75.519077369268	0
387	1183243	76.527144885329	0
387	1183244	76.532144885329	0
387	1271710	80.005	0
387	1271823	80.01	0
387	1287483	80.297057769167	0
387	1287821	80.302057769167	0
387	1290272	80.344831310968	0
387	1290921	80.349831310968	0
387	1292648	80.375512608142	0
387	1293053	80.380512608142	0
387	1295773	80.448206038682	0
387	1295798	80.453206038682	0
387	1299167	80.521129217109	0
387	1299193	80.526129217109	0
387	1300619	80.545860343481	0
387	1300650	80.550860343481	0
387	1301777	80.570335038852	0
387	1301847	80.575335038852	0
387	1303038	80.594593842784	0
387	1303233	80.599593842784	0
387	1304645	80.61946031979	0
387	1304815	80.62446031979	0
387	1306173	80.644418032326	0
387	1306229	80.649418032326	0
387	1307251	80.666740178367	0
387	1307623	80.671740178367	0
387	1308181	80.692206291588	0
387	1308674	80.697206291588	0
387	1308816	80.702206291588	0
387	1308939	80.707206291588	0
387	1309687	80.715277114589	0
387	1310191	80.720277114589	0
387	1311206	80.748447274878	0
387	1311245	80.753447274878	0
387	1312491	80.772977050949	0
387	1312649	80.777977050949	0
387	1313856	80.797233820645	0
387	1313987	80.802233820645	0
387	1315157	80.821137171808	0
387	1315357	80.826137171808	0
387	1316208	80.847363263141	0
387	1316572	80.852363263141	0
387	1316938	80.857363263141	0
387	1317439	80.87136350846	0
387	1317488	80.87636350846	0
387	1318100	80.883693347391	0
387	1318144	80.888693347391	0
387	1318418	80.895665839259	0
387	1318489	80.900665839259	0
387	1319354	80.908382562598	0
387	1319635	80.913382562598	0
387	1320565	80.933428252296	0
387	1320609	80.938428252296	0
387	1321511	80.957966096854	0
387	1321552	80.962966096854	0
387	1322338	80.981081079613	0
387	1322624	80.986081079613	0
387	1323465	81.005933701954	0
387	1323500	81.010933701954	0
387	1324554	81.030217483537	0
387	1324592	81.035217483537	0
387	1325645	81.054729499919	0
387	1325671	81.059729499919	0
387	1326625	81.079825609522	0
387	1326648	81.084825609522	0
387	1329191	81.137796262722	0
387	1329214	81.142796262722	0
387	1330001	81.161013053545	0
387	1330165	81.166013053545	0
387	1330422	81.185319424505	0
387	1330958	81.190319424505	0
387	1331216	81.195319424505	0
387	1332360	81.242456216758	0
387	1332503	81.247456216758	0
387	1332684	81.259061577081	0
387	1332772	81.264061577081	0
387	1333328	81.271584243852	0
387	1333477	81.276584243852	0
387	1334239	81.302811504053	0
387	1334281	81.307811504053	0
387	1339239	81.397374914106	0
387	1339386	81.402374914106	0
388	11001	40.005	0
388	11142	40.01	0
388	13516	40.038576446436	0
388	14271	40.043576446436	0
388	20405	40.114321349957	0
388	20741	40.119321349957	0
388	20892	40.124321349957	0
388	26147	40.189365009997	0
388	26420	40.194365009997	0
388	27500	40.214308954533	0
388	27781	40.219308954533	0
388	27983	40.224308954533	0
388	28734	40.238623800786	0
388	28840	40.243623800786	0
388	29295	40.250562057759	0
388	29375	40.255562057759	0
388	30010	40.261669012089	0
388	30097	40.266669012089	0
388	30810	40.274268750508	0
388	30886	40.279268750508	0
388	34375	40.333665630504	0
388	34762	40.338665630504	0
388	37057	40.383168964116	0
388	37116	40.388168964116	0
388	39658	40.425680750948	0
388	39936	40.430680750948	0
388	44576	40.498453980339	0
388	44865	40.503453980339	0
388	46899	40.546040551731	0
388	47125	40.551040551731	0
388	47186	40.556040551731	0
388	48286	40.571920538069	0
388	48362	40.576920538069	0
388	48972	40.588625045868	0
388	50116	40.593625045868	0
388	53590	40.680483437565	0
388	53604	40.685483437565	0
388	54383	40.695308526353	0
388	54405	40.700308526353	0
388	55333	40.720162043011	0
388	55356	40.725162043011	0
388	56274	40.745124174139	0
388	56280	40.750124174139	0
388	58078	40.794830719031	0
388	58220	40.799830719031	0
388	58592	40.819180298792	0
388	59446	40.824180298792	0
388	59473	40.829180298792	0
388	60855	40.876724366111	0
388	61008	40.881724366111	0
388	62069	40.90730017157	0
388	62132	40.91230017157	0
388	62754	40.930726554767	0
388	62896	40.935726554767	0
388	63559	40.959150372489	0
388	63833	40.964150372489	0
388	64407	40.990518397766	0
388	64417	40.995518397766	0
388	65306	41.0142603607	0
388	65451	41.0192603607	0
388	66665	41.045062583217	0
388	66804	41.050062583217	0
388	68376	41.070196376007	0
388	68574	41.075196376007	0
388	84161	41.356101404585	0
388	84165	41.361101404585	0
388	85085	41.392958569194	0
388	85096	41.397958569194	0
388	85894	41.421529920286	0
388	85902	41.426529920286	0
388	86550	41.44780439054	0
388	86688	41.45280439054	0
388	87560	41.478977750869	0
388	87561	41.483977750869	0
388	88324	41.505209920286	0
388	88338	41.510209920286	0
388	89140	41.528588393915	0
388	89148	41.533588393915	0
388	90121	41.613292363449	0
388	90123	41.618292363449	0
388	90758	41.637737934993	0
388	90900	41.642737934993	0
388	91656	41.667185958697	0
388	91661	41.672185958697	0
388	93444	41.745802006105	0
388	93451	41.750802006105	0
388	93904	41.772108407691	0
388	93905	41.777108407691	0
388	95266	41.825378053513	0
388	95408	41.830378053513	0
388	96106	41.856076383115	0
388	96109	41.861076383115	0
388	96985	41.898969750868	0
388	96986	41.903969750868	0
388	97943	41.936604383836	0
388	97965	41.941604383836	0
388	124988	43.005	1
388	124993	43.01	0
388	149261	44.005	1
388	149266	44.01	0
388	175977	45.005	1
388	176008	45.01	0
388	178109	45.042460840856	0
388	178257	45.047460840856	0
388	179642	45.068470580375	0
388	179805	45.073470580375	0
388	180613	45.09286966069	0
388	180811	45.09786966069	0
388	181530	45.118016627665	0
388	181811	45.123016627665	0
388	183736	45.149006152713	0
388	183805	45.154006152713	0
388	188813	45.226616478689	0
388	188893	45.231616478689	0
388	201138	46.005	1
388	201148	46.01	0
388	228107	47.005	1
388	228109	47.01	0
388	254385	48.005	1
388	254387	48.01	0
388	282755	49.005	1
388	282756	49.01	0
388	311457	50.005	1
388	311458	50.01	0
388	312085	50.022988017254	0
388	312089	50.027988017254	0
388	340973	51.005	1
388	340974	51.01	0
388	366983	52.005	1
388	366990	52.01	0
388	370002	52.040492719281	0
388	370676	52.045492719281	0
388	376622	52.091589796616	0
388	376694	52.096589796616	0
388	378735	52.142506841882	0
388	378936	52.147506841882	0
388	379701	52.164923364215	0
388	379940	52.169923364215	0
388	380146	52.174923364215	0
388	381194	52.200715442753	0
388	381253	52.205715442753	0
388	381845	52.210965813128	0
388	381942	52.215965813128	0
388	382783	52.225871663238	0
388	382841	52.230871663238	0
388	383718	52.251483356821	0
388	383892	52.256483356821	0
388	384878	52.270747704878	0
388	384935	52.275747704878	0
388	385225	52.282123101246	0
388	385276	52.287123101246	0
388	386627	52.315891835331	0
388	386988	52.320891835331	0
388	387913	52.346163692776	0
388	387950	52.351163692776	0
388	389511	52.392013676979	0
388	389685	52.397013676979	0
388	390918	52.437929748543	0
388	390939	52.442929748543	0
388	395028	52.554569220672	0
388	395048	52.559569220672	0
388	400936	52.719209805171	0
388	400947	52.724209805171	0
388	407022	53.005	1
388	407169	53.01	0
388	409747	53.036532326617	0
388	410304	53.041532326617	0
388	421229	53.185640647085	0
388	421750	53.190640647085	0
388	423461	53.209297958335	0
388	423546	53.214297958335	0
388	445075	53.651993183003	0
388	445312	53.656993183003	0
388	454361	53.896754129895	0
388	454503	53.901754129895	0
388	455087	53.926949022169	0
388	455225	53.931949022169	0
388	457163	54.005	1
388	457170	54.01	0
388	933536	70.00501	0
388	933543	70.01001	0
388	936266	70.140903583851	0
388	937120	70.145903583851	0
388	940091	70.167683704015	0
388	940198	70.172683704015	0
388	942267	70.192576789859	0
388	942365	70.197576789859	0
388	943331	70.217397002044	0
388	943352	70.222397002044	0
388	944504	70.243342630374	0
388	944578	70.248342630374	0
388	945724	70.267645719381	0
388	945787	70.272645719381	0
388	947026	70.292192369322	0
388	947064	70.297192369322	0
388	948071	70.318176528365	0
388	948104	70.323176528365	0
388	948944	70.342910851659	0
388	949090	70.347910851659	0
388	949999	70.367906529428	0
388	950006	70.372906529428	0
388	950692	70.393055041551	0
388	950962	70.398055041551	0
388	951936	70.42378946032	0
388	951937	70.42878946032	0
388	952747	70.44700765949	0
388	952891	70.45200765949	0
388	953598	70.467049147504	0
388	953812	70.472049147504	0
388	955886	70.557271712702	0
388	956431	70.562271712702	0
388	958962	70.584155740422	0
388	959151	70.589155740422	0
388	960930	70.608568972331	0
388	961004	70.613568972331	0
388	962065	70.633560255384	0
388	962098	70.638560255384	0
388	963125	70.658668609249	0
388	963721	70.663668609249	0
388	964840	70.68317251099	0
388	965410	70.68817251099	0
388	966749	70.712863522784	0
388	966788	70.717863522784	0
388	967905	70.737934105962	0
388	967960	70.742934105962	0
388	969037	70.763718407943	0
388	969078	70.768718407943	0
388	970203	70.789223968989	0
388	970235	70.794223968989	0
388	970964	70.814175621202	0
388	970978	70.819175621202	0
388	971728	70.842565869648	0
388	971819	70.847565869648	0
388	972072	70.852790454911	0
388	972077	70.857790454911	0
388	972571	70.869370323544	0
388	972573	70.874370323544	0
388	973325	70.89556209994	0
388	973464	70.90056209994	0
388	974219	70.92634184	0
388	974221	70.93134184	0
388	974615	71.00501	0
388	974616	71.01001	0
388	975232	71.023318021665	0
388	975376	71.028318021665	0
388	976951	71.055316025632	0
388	977487	71.060316025632	0
388	979316	71.081361565451	0
388	979466	71.086361565451	0
388	980709	71.106363789117	0
388	980842	71.111363789117	0
388	981927	71.132147736611	0
388	981955	71.137147736611	0
388	983292	71.157222788633	0
388	983327	71.162222788633	0
388	984593	71.184844707339	0
388	984632	71.189844707339	0
388	985667	71.209342524301	0
388	985680	71.214342524301	0
388	986694	71.234071976205	0
388	986717	71.239071976205	0
388	987623	71.258388701509	0
388	987628	71.263388701509	0
388	988094	71.284126863955	0
388	988103	71.289126863955	0
388	988840	71.298294681502	0
388	988856	71.303294681502	0
388	989525	71.32279887281	0
388	989526	71.32779887281	0
388	990287	71.349230996969	0
388	990292	71.354230996969	0
388	992741	71.457467803706	0
388	992879	71.462467803706	0
388	1007118	72.00501	0
388	1007124	72.01001	0
388	1007815	72.024268019783	0
388	1007958	72.029268019783	0
388	1008676	72.048206038682	0
388	1008846	72.053206038682	0
388	1010141	72.079564042649	0
388	1010366	72.084564042649	0
388	1012199	72.105932042649	0
388	1012418	72.110932042649	0
388	1014171	72.130149982225	0
388	1014340	72.135149982225	0
388	1015744	72.154732042648	0
388	1015822	72.159732042648	0
388	1016968	72.178732918419	0
388	1017010	72.183732918419	0
388	1018156	72.203656435688	0
388	1018206	72.208656435688	0
388	1022149	72.274005628477	0
388	1022189	72.279005628477	0
388	1025316	72.32322071889	0
388	1025363	72.32822071889	0
388	1028900	72.39968471889	0
388	1029024	72.40468471889	0
388	1030507	72.423953549151	0
388	1030772	72.428953549151	0
388	1032553	72.449049078069	0
388	1032604	72.454049078069	0
388	1034270	72.472474482009	0
388	1034579	72.477474482009	0
388	1035672	72.49992660835	0
388	1036033	72.50492660835	0
388	1036230	72.50992660835	0
388	1037575	72.52648947357	0
388	1037897	72.53148947357	0
388	1040083	72.576561517776	0
388	1040296	72.581561517776	0
388	1041154	72.603088844981	0
388	1041372	72.608088844981	0
388	1041392	72.613088844981	0
388	1042162	72.630025501944	0
388	1042197	72.635025501944	0
388	1043274	72.656061267804	0
388	1043702	72.661061267804	0
388	1045158	72.681018195157	0
388	1045286	72.686018195157	0
388	1046242	72.705494793878	0
388	1046631	72.710494793878	0
388	1048020	72.731760391914	0
388	1048402	72.736760391914	0
388	1049695	72.758111699772	0
388	1049739	72.763111699772	0
388	1050775	72.785532562869	0
388	1050803	72.790532562869	0
388	1051770	72.80779867325	0
388	1051805	72.81279867325	0
388	1052890	72.834922975408	0
388	1052994	72.839922975408	0
388	1054141	72.860139983703	0
388	1054180	72.865139983703	0
388	1054893	72.885278174208	0
388	1054924	72.890278174208	0
388	1056241	72.910170779861	0
388	1056268	72.915170779861	0
388	1057253	72.937431861277	0
388	1057266	72.942431861277	0
388	1057906	72.962559134335	0
388	1057933	72.967559134335	0
388	1058491	72.974478967581	0
388	1058504	72.979478967581	0
388	1059601	73.000291568324	0
388	1059620	73.005291568324	0
388	1060535	73.026875983703	0
388	1060546	73.031875983703	0
388	1061468	73.05193763875	0
388	1061480	73.05693763875	0
388	1062217	73.076805940694	0
388	1062354	73.081805940694	0
388	1063153	73.106344097652	0
388	1063300	73.111344097652	0
388	1067871	73.270945675899	0
388	1067882	73.275945675899	0
388	1071507	73.434740032895	0
388	1072049	73.439740032895	0
388	1073581	73.462821596036	0
388	1073648	73.467821596036	0
388	1075449	73.506734352678	0
388	1075552	73.511734352678	0
388	1076985	73.531383417243	0
388	1077071	73.536383417243	0
388	1078625	73.556878851957	0
388	1078716	73.561878851957	0
388	1080075	73.582229383844	0
388	1080223	73.587229383844	0
388	1081685	73.607066062669	0
388	1081716	73.612066062669	0
388	1082822	73.632924630691	0
388	1082861	73.637924630691	0
388	1083860	73.657617940876	0
388	1084021	73.662617940876	0
388	1085222	73.680533978327	0
388	1085392	73.685533978327	0
388	1086184	73.7051356239	0
388	1086316	73.7101356239	0
388	1088095	73.755274696389	0
388	1088152	73.760274696389	0
388	1088967	73.781164638911	0
388	1089205	73.786164638911	0
388	1089225	73.791164638911	0
388	1090025	73.804733988362	0
388	1090193	73.809733988362	0
388	1090660	73.828656855823	0
388	1091331	73.833656855823	0
388	1091341	73.838656855823	0
388	1092168	73.853013998397	0
388	1092461	73.858013998397	0
388	1093257	73.883958142662	0
388	1093267	73.888958142662	0
388	1094026	73.908781833076	0
388	1094169	73.913781833076	0
388	1095827	73.961054046985	0
388	1096099	73.966054046985	0
388	1096987	73.993375312299	0
388	1096999	73.998375312299	0
388	1098642	74.032725858043	0
388	1098781	74.037725858043	0
388	1099442	74.060413694953	0
388	1099580	74.065413694953	0
388	1101976	74.142741874216	0
388	1101980	74.147741874216	0
388	1127034	74.848206038682	0
388	1127719	74.853206038682	0
388	1129417	74.88235077412	0
388	1129644	74.88735077412	0
388	1130930	74.908936461933	0
388	1130985	74.913936461933	0
388	1132064	74.934485426576	0
388	1132319	74.939485426576	0
388	1133948	74.959255591448	0
388	1134154	74.964255591448	0
388	1135647	74.983673996861	0
388	1135716	74.988673996861	0
388	1136968	75.008843886468	0
388	1137026	75.013843886468	0
388	1138437	75.033207307223	0
388	1138511	75.038207307223	0
388	1139807	75.057554506409	0
388	1139864	75.062554506409	0
388	1141034	75.085625821044	0
388	1141106	75.090625821044	0
388	1142270	75.110212030344	0
388	1142300	75.115212030344	0
388	1143136	75.137328857426	0
388	1143154	75.142328857426	0
388	1143936	75.161924850186	0
388	1144250	75.166924850186	0
388	1144525	75.171924850186	0
388	1145252	75.195437450373	0
388	1145264	75.200437450373	0
388	1146226	75.222533536928	0
388	1146320	75.227533536928	0
388	1147575	75.248376154402	0
388	1147597	75.253376154402	0
388	1148568	75.273657649181	0
388	1148570	75.278657649181	0
388	1149208	75.299627533379	0
388	1149340	75.304627533379	0
388	1150142	75.329828636894	0
388	1150274	75.334828636894	0
388	1151289	75.359647407709	0
388	1151290	75.364647407709	0
388	1152100	75.386475537215	0
388	1152113	75.391475537215	0
388	1152950	75.411089359076	0
388	1152954	75.416089359076	0
388	1153869	75.448704015603	0
388	1153876	75.453704015603	0
388	1154551	75.473461534108	0
388	1154557	75.478461534108	0
388	1155588	75.514077369268	0
388	1155590	75.519077369268	0
388	1183243	76.527144885329	0
388	1183244	76.532144885329	0
388	1271710	80.005	0
388	1271823	80.01	0
388	1287483	80.297057769167	0
388	1287821	80.302057769167	0
388	1290272	80.344831310968	0
388	1290921	80.349831310968	0
388	1292648	80.375512608142	0
388	1293053	80.380512608142	0
388	1295773	80.448206038682	0
388	1295798	80.453206038682	0
388	1299167	80.521129217109	0
388	1299193	80.526129217109	0
388	1300619	80.545860343481	0
388	1300650	80.550860343481	0
388	1301777	80.570335038852	0
388	1301847	80.575335038852	0
388	1303038	80.594593842784	0
388	1303233	80.599593842784	0
388	1304645	80.61946031979	0
388	1304815	80.62446031979	0
388	1306173	80.644418032326	0
388	1306229	80.649418032326	0
388	1307251	80.666740178367	0
388	1307623	80.671740178367	0
388	1308181	80.692206291588	0
388	1308674	80.697206291588	0
388	1308816	80.702206291588	0
388	1308939	80.707206291588	0
388	1309687	80.715277114589	0
388	1310191	80.720277114589	0
388	1311206	80.748447274878	0
388	1311245	80.753447274878	0
388	1312491	80.772977050949	0
388	1312649	80.777977050949	0
388	1313856	80.797233820645	0
388	1313987	80.802233820645	0
388	1315157	80.821137171808	0
388	1315357	80.826137171808	0
388	1316208	80.847363263141	0
388	1316572	80.852363263141	0
388	1316938	80.857363263141	0
388	1317439	80.87136350846	0
388	1317488	80.87636350846	0
388	1318100	80.883693347391	0
388	1318144	80.888693347391	0
388	1318418	80.895665839259	0
388	1318489	80.900665839259	0
388	1319354	80.908382562598	0
388	1319635	80.913382562598	0
388	1320565	80.933428252296	0
388	1320609	80.938428252296	0
388	1321511	80.957966096854	0
388	1321552	80.962966096854	0
388	1322338	80.981081079613	0
388	1322624	80.986081079613	0
388	1323465	81.005933701954	0
388	1323500	81.010933701954	0
388	1324554	81.030217483537	0
388	1324592	81.035217483537	0
388	1325645	81.054729499919	0
388	1325671	81.059729499919	0
388	1326625	81.079825609522	0
388	1326648	81.084825609522	0
388	1329191	81.137796262722	0
388	1329214	81.142796262722	0
388	1330001	81.161013053545	0
388	1330165	81.166013053545	0
388	1330422	81.185319424505	0
388	1330958	81.190319424505	0
388	1331216	81.195319424505	0
388	1332360	81.242456216758	0
388	1332503	81.247456216758	0
388	1332684	81.259061577081	0
388	1332772	81.264061577081	0
388	1333328	81.271584243852	0
388	1333477	81.276584243852	0
388	1334239	81.302811504053	0
388	1334281	81.307811504053	0
388	1339239	81.397374914106	0
388	1339386	81.402374914106	0
389	11001	40.005	0
389	11142	40.01	0
389	13516	40.038576446436	80
389	14271	40.043576446436	0
389	20405	40.114321349957	31
389	20741	40.119321349957	0
389	20892	40.124321349957	0
389	26147	40.189365009997	3
389	26420	40.194365009997	0
389	27500	40.214308954533	0
389	27781	40.219308954533	1
389	27983	40.224308954533	0
389	28734	40.238623800786	0
389	28840	40.243623800786	0
389	29295	40.250562057759	0
389	29375	40.255562057759	0
389	30010	40.261669012089	2
389	30097	40.266669012089	0
389	30810	40.274268750508	1
389	30886	40.279268750508	0
389	34375	40.333665630504	0
389	34762	40.338665630504	0
389	37057	40.383168964116	0
389	37116	40.388168964116	0
389	39658	40.425680750948	1
389	39936	40.430680750948	0
389	44576	40.498453980339	1
389	44865	40.503453980339	0
389	46899	40.546040551731	2
389	47125	40.551040551731	1
389	47186	40.556040551731	0
389	48286	40.571920538069	0
389	48362	40.576920538069	0
389	48972	40.588625045868	0
389	50116	40.593625045868	0
389	53590	40.680483437565	0
389	53604	40.685483437565	0
389	54383	40.695308526353	1
389	54405	40.700308526353	0
389	55333	40.720162043011	0
389	55356	40.725162043011	0
389	56274	40.745124174139	0
389	56280	40.750124174139	0
389	58078	40.794830719031	1
389	58220	40.799830719031	0
389	58592	40.819180298792	5
389	59446	40.824180298792	0
389	59473	40.829180298792	0
389	60855	40.876724366111	2
389	61008	40.881724366111	0
389	62069	40.90730017157	12
389	62132	40.91230017157	0
389	62754	40.930726554767	2
389	62896	40.935726554767	0
389	63559	40.959150372489	2
389	63833	40.964150372489	0
389	64407	40.990518397766	0
389	64417	40.995518397766	0
389	65306	41.0142603607	2
389	65451	41.0192603607	0
389	66665	41.045062583217	2
389	66804	41.050062583217	0
389	68376	41.070196376007	0
389	68574	41.075196376007	0
389	84161	41.356101404585	2
389	84165	41.361101404585	0
389	85085	41.392958569194	0
389	85096	41.397958569194	0
389	85894	41.421529920286	0
389	85902	41.426529920286	0
389	86550	41.44780439054	2
389	86688	41.45280439054	0
389	87560	41.478977750869	0
389	87561	41.483977750869	0
389	88324	41.505209920286	0
389	88338	41.510209920286	0
389	89140	41.528588393915	2
389	89148	41.533588393915	0
389	90121	41.613292363449	0
389	90123	41.618292363449	0
389	90758	41.637737934993	2
389	90900	41.642737934993	0
389	91656	41.667185958697	1
389	91661	41.672185958697	0
389	93444	41.745802006105	1
389	93451	41.750802006105	0
389	93904	41.772108407691	0
389	93905	41.777108407691	0
389	95266	41.825378053513	1
389	95408	41.830378053513	0
389	96106	41.856076383115	0
389	96109	41.861076383115	0
389	96985	41.898969750868	0
389	96986	41.903969750868	0
389	97943	41.936604383836	1
389	97965	41.941604383836	0
389	124988	43.005	0
389	124993	43.01	0
389	149261	44.005	0
389	149266	44.01	0
389	175977	45.005	0
389	176008	45.01	0
389	178109	45.042460840856	1
389	178257	45.047460840856	0
389	179642	45.068470580375	1
389	179805	45.073470580375	0
389	180613	45.09286966069	0
389	180811	45.09786966069	0
389	181530	45.118016627665	0
389	181811	45.123016627665	0
389	183736	45.149006152713	0
389	183805	45.154006152713	0
389	188813	45.226616478689	0
389	188893	45.231616478689	0
389	201138	46.005	0
389	201148	46.01	0
389	228107	47.005	0
389	228109	47.01	0
389	254385	48.005	0
389	254387	48.01	0
389	282755	49.005	0
389	282756	49.01	0
389	311457	50.005	0
389	311458	50.01	0
389	312085	50.022988017254	0
389	312089	50.027988017254	0
389	340973	51.005	0
389	340974	51.01	0
389	366983	52.005	0
389	366990	52.01	0
389	370002	52.040492719281	58
389	370676	52.045492719281	0
389	376622	52.091589796616	0
389	376694	52.096589796616	0
389	378735	52.142506841882	0
389	378936	52.147506841882	0
389	379701	52.164923364215	7
389	379940	52.169923364215	0
389	380146	52.174923364215	0
389	381194	52.200715442753	0
389	381253	52.205715442753	0
389	381845	52.210965813128	1
389	381942	52.215965813128	0
389	382783	52.225871663238	0
389	382841	52.230871663238	0
389	383718	52.251483356821	0
389	383892	52.256483356821	0
389	384878	52.270747704878	1
389	384935	52.275747704878	0
389	385225	52.282123101246	0
389	385276	52.287123101246	0
389	386627	52.315891835331	1
389	386988	52.320891835331	0
389	387913	52.346163692776	1
389	387950	52.351163692776	0
389	389511	52.392013676979	1
389	389685	52.397013676979	0
389	390918	52.437929748543	1
389	390939	52.442929748543	0
389	395028	52.554569220672	1
389	395048	52.559569220672	0
389	400936	52.719209805171	1
389	400947	52.724209805171	0
389	407022	53.005	0
389	407169	53.01	0
389	409747	53.036532326617	128
389	410304	53.041532326617	0
389	421229	53.185640647085	1
389	421750	53.190640647085	0
389	423461	53.209297958335	0
389	423546	53.214297958335	0
389	445075	53.651993183003	1
389	445312	53.656993183003	0
389	454361	53.896754129895	1
389	454503	53.901754129895	0
389	455087	53.926949022169	1
389	455225	53.931949022169	0
389	457163	54.005	0
389	457170	54.01	0
389	933536	70.00501	0
389	933543	70.01001	0
389	936266	70.140903583851	1
389	937120	70.145903583851	0
389	940091	70.167683704015	0
389	940198	70.172683704015	0
389	942267	70.192576789859	0
389	942365	70.197576789859	0
389	943331	70.217397002044	0
389	943352	70.222397002044	0
389	944504	70.243342630374	0
389	944578	70.248342630374	0
389	945724	70.267645719381	0
389	945787	70.272645719381	0
389	947026	70.292192369322	0
389	947064	70.297192369322	0
389	948071	70.318176528365	0
389	948104	70.323176528365	0
389	948944	70.342910851659	0
389	949090	70.347910851659	0
389	949999	70.367906529428	0
389	950006	70.372906529428	0
389	950692	70.393055041551	0
389	950962	70.398055041551	0
389	951936	70.42378946032	0
389	951937	70.42878946032	0
389	952747	70.44700765949	1
389	952891	70.45200765949	0
389	953598	70.467049147504	0
389	953812	70.472049147504	0
389	955886	70.557271712702	1
389	956431	70.562271712702	0
389	958962	70.584155740422	0
389	959151	70.589155740422	0
389	960930	70.608568972331	0
389	961004	70.613568972331	0
389	962065	70.633560255384	0
389	962098	70.638560255384	0
389	963125	70.658668609249	0
389	963721	70.663668609249	0
389	964840	70.68317251099	0
389	965410	70.68817251099	0
389	966749	70.712863522784	0
389	966788	70.717863522784	0
389	967905	70.737934105962	0
389	967960	70.742934105962	0
389	969037	70.763718407943	0
389	969078	70.768718407943	0
389	970203	70.789223968989	0
389	970235	70.794223968989	0
389	970964	70.814175621202	0
389	970978	70.819175621202	0
389	971728	70.842565869648	0
389	971819	70.847565869648	0
389	972072	70.852790454911	0
389	972077	70.857790454911	0
389	972571	70.869370323544	0
389	972573	70.874370323544	0
389	973325	70.89556209994	0
389	973464	70.90056209994	0
389	974219	70.92634184	0
389	974221	70.93134184	0
389	974615	71.00501	0
389	974616	71.01001	0
389	975232	71.023318021665	0
389	975376	71.028318021665	0
389	976951	71.055316025632	1
389	977487	71.060316025632	0
389	979316	71.081361565451	0
389	979466	71.086361565451	0
389	980709	71.106363789117	0
389	980842	71.111363789117	0
389	981927	71.132147736611	0
389	981955	71.137147736611	0
389	983292	71.157222788633	0
389	983327	71.162222788633	0
389	984593	71.184844707339	0
389	984632	71.189844707339	0
389	985667	71.209342524301	0
389	985680	71.214342524301	0
389	986694	71.234071976205	0
389	986717	71.239071976205	0
389	987623	71.258388701509	0
389	987628	71.263388701509	0
389	988094	71.284126863955	0
389	988103	71.289126863955	0
389	988840	71.298294681502	0
389	988856	71.303294681502	0
389	989525	71.32279887281	0
389	989526	71.32779887281	0
389	990287	71.349230996969	0
389	990292	71.354230996969	0
389	992741	71.457467803706	1
389	992879	71.462467803706	0
389	1007118	72.00501	0
389	1007124	72.01001	0
389	1007815	72.024268019783	0
389	1007958	72.029268019783	0
389	1008676	72.048206038682	0
389	1008846	72.053206038682	0
389	1010141	72.079564042649	4
389	1010366	72.084564042649	0
389	1012199	72.105932042649	0
389	1012418	72.110932042649	0
389	1014171	72.130149982225	6
389	1014340	72.135149982225	0
389	1015744	72.154732042648	0
389	1015822	72.159732042648	0
389	1016968	72.178732918419	0
389	1017010	72.183732918419	0
389	1018156	72.203656435688	0
389	1018206	72.208656435688	0
389	1022149	72.274005628477	0
389	1022189	72.279005628477	0
389	1025316	72.32322071889	0
389	1025363	72.32822071889	0
389	1028900	72.39968471889	0
389	1029024	72.40468471889	0
389	1030507	72.423953549151	1
389	1030772	72.428953549151	0
389	1032553	72.449049078069	0
389	1032604	72.454049078069	0
389	1034270	72.472474482009	1
389	1034579	72.477474482009	0
389	1035672	72.49992660835	0
389	1036033	72.50492660835	0
389	1036230	72.50992660835	0
389	1037575	72.52648947357	0
389	1037897	72.53148947357	0
389	1040083	72.576561517776	0
389	1040296	72.581561517776	0
389	1041154	72.603088844981	0
389	1041372	72.608088844981	0
389	1041392	72.613088844981	0
389	1042162	72.630025501944	0
389	1042197	72.635025501944	0
389	1043274	72.656061267804	1
389	1043702	72.661061267804	0
389	1045158	72.681018195157	0
389	1045286	72.686018195157	0
389	1046242	72.705494793878	0
389	1046631	72.710494793878	0
389	1048020	72.731760391914	0
389	1048402	72.736760391914	0
389	1049695	72.758111699772	0
389	1049739	72.763111699772	0
389	1050775	72.785532562869	0
389	1050803	72.790532562869	0
389	1051770	72.80779867325	0
389	1051805	72.81279867325	0
389	1052890	72.834922975408	0
389	1052994	72.839922975408	0
389	1054141	72.860139983703	0
389	1054180	72.865139983703	0
389	1054893	72.885278174208	0
389	1054924	72.890278174208	0
389	1056241	72.910170779861	0
389	1056268	72.915170779861	0
389	1057253	72.937431861277	0
389	1057266	72.942431861277	0
389	1057906	72.962559134335	0
389	1057933	72.967559134335	0
389	1058491	72.974478967581	0
389	1058504	72.979478967581	0
389	1059601	73.000291568324	0
389	1059620	73.005291568324	0
389	1060535	73.026875983703	0
389	1060546	73.031875983703	0
389	1061468	73.05193763875	0
389	1061480	73.05693763875	0
389	1062217	73.076805940694	0
389	1062354	73.081805940694	0
389	1063153	73.106344097652	0
389	1063300	73.111344097652	0
389	1067871	73.270945675899	0
389	1067882	73.275945675899	0
389	1071507	73.434740032895	3
389	1072049	73.439740032895	0
389	1073581	73.462821596036	0
389	1073648	73.467821596036	0
389	1075449	73.506734352678	18
389	1075552	73.511734352678	0
389	1076985	73.531383417243	0
389	1077071	73.536383417243	0
389	1078625	73.556878851957	4
389	1078716	73.561878851957	0
389	1080075	73.582229383844	0
389	1080223	73.587229383844	0
389	1081685	73.607066062669	0
389	1081716	73.612066062669	0
389	1082822	73.632924630691	0
389	1082861	73.637924630691	0
389	1083860	73.657617940876	0
389	1084021	73.662617940876	0
389	1085222	73.680533978327	2
389	1085392	73.685533978327	0
389	1086184	73.7051356239	0
389	1086316	73.7101356239	0
389	1088095	73.755274696389	0
389	1088152	73.760274696389	0
389	1088967	73.781164638911	0
389	1089205	73.786164638911	0
389	1089225	73.791164638911	0
389	1090025	73.804733988362	1
389	1090193	73.809733988362	0
389	1090660	73.828656855823	0
389	1091331	73.833656855823	0
389	1091341	73.838656855823	0
389	1092168	73.853013998397	0
389	1092461	73.858013998397	0
389	1093257	73.883958142662	0
389	1093267	73.888958142662	0
389	1094026	73.908781833076	1
389	1094169	73.913781833076	0
389	1095827	73.961054046985	1
389	1096099	73.966054046985	0
389	1096987	73.993375312299	0
389	1096999	73.998375312299	0
389	1098642	74.032725858043	0
389	1098781	74.037725858043	0
389	1099442	74.060413694953	1
389	1099580	74.065413694953	0
389	1101976	74.142741874216	1
389	1101980	74.147741874216	0
389	1127034	74.848206038682	0
389	1127719	74.853206038682	0
389	1129417	74.88235077412	0
389	1129644	74.88735077412	0
389	1130930	74.908936461933	0
389	1130985	74.913936461933	0
389	1132064	74.934485426576	1
389	1132319	74.939485426576	0
389	1133948	74.959255591448	0
389	1134154	74.964255591448	0
389	1135647	74.983673996861	0
389	1135716	74.988673996861	0
389	1136968	75.008843886468	0
389	1137026	75.013843886468	0
389	1138437	75.033207307223	0
389	1138511	75.038207307223	0
389	1139807	75.057554506409	0
389	1139864	75.062554506409	0
389	1141034	75.085625821044	0
389	1141106	75.090625821044	0
389	1142270	75.110212030344	0
389	1142300	75.115212030344	0
389	1143136	75.137328857426	0
389	1143154	75.142328857426	0
389	1143936	75.161924850186	0
389	1144250	75.166924850186	0
389	1144525	75.171924850186	0
389	1145252	75.195437450373	0
389	1145264	75.200437450373	0
389	1146226	75.222533536928	0
389	1146320	75.227533536928	0
389	1147575	75.248376154402	0
389	1147597	75.253376154402	0
389	1148568	75.273657649181	0
389	1148570	75.278657649181	0
389	1149208	75.299627533379	0
389	1149340	75.304627533379	0
389	1150142	75.329828636894	0
389	1150274	75.334828636894	0
389	1151289	75.359647407709	0
389	1151290	75.364647407709	0
389	1152100	75.386475537215	0
389	1152113	75.391475537215	0
389	1152950	75.411089359076	0
389	1152954	75.416089359076	0
389	1153869	75.448704015603	0
389	1153876	75.453704015603	0
389	1154551	75.473461534108	0
389	1154557	75.478461534108	0
389	1155588	75.514077369268	0
389	1155590	75.519077369268	0
389	1183243	76.527144885329	0
389	1183244	76.532144885329	0
389	1271710	80.005	0
389	1271823	80.01	0
389	1287483	80.297057769167	43
389	1287821	80.302057769167	0
389	1290272	80.344831310968	1
389	1290921	80.349831310968	0
389	1292648	80.375512608142	1
389	1293053	80.380512608142	0
389	1295773	80.448206038682	0
389	1295798	80.453206038682	0
389	1299167	80.521129217109	0
389	1299193	80.526129217109	0
389	1300619	80.545860343481	0
389	1300650	80.550860343481	0
389	1301777	80.570335038852	3
389	1301847	80.575335038852	0
389	1303038	80.594593842784	24
389	1303233	80.599593842784	0
389	1304645	80.61946031979	14
389	1304815	80.62446031979	0
389	1306173	80.644418032326	0
389	1306229	80.649418032326	0
389	1307251	80.666740178367	1
389	1307623	80.671740178367	0
389	1308181	80.692206291588	4
389	1308674	80.697206291588	11
389	1308816	80.702206291588	0
389	1308939	80.707206291588	0
389	1309687	80.715277114589	1
389	1310191	80.720277114589	0
389	1311206	80.748447274878	0
389	1311245	80.753447274878	0
389	1312491	80.772977050949	12
389	1312649	80.777977050949	0
389	1313856	80.797233820645	7
389	1313987	80.802233820645	0
389	1315157	80.821137171808	1
389	1315357	80.826137171808	0
389	1316208	80.847363263141	3
389	1316572	80.852363263141	1
389	1316938	80.857363263141	0
389	1317439	80.87136350846	1
389	1317488	80.87636350846	0
389	1318100	80.883693347391	0
389	1318144	80.888693347391	0
389	1318418	80.895665839259	2
389	1318489	80.900665839259	0
389	1319354	80.908382562598	0
389	1319635	80.913382562598	0
389	1320565	80.933428252296	0
389	1320609	80.938428252296	0
389	1321511	80.957966096854	0
389	1321552	80.962966096854	0
389	1322338	80.981081079613	2
389	1322624	80.986081079613	0
389	1323465	81.005933701954	0
389	1323500	81.010933701954	0
389	1324554	81.030217483537	1
389	1324592	81.035217483537	0
389	1325645	81.054729499919	0
389	1325671	81.059729499919	0
389	1326625	81.079825609522	2
389	1326648	81.084825609522	0
389	1329191	81.137796262722	0
389	1329214	81.142796262722	0
389	1330001	81.161013053545	2
389	1330165	81.166013053545	0
389	1330422	81.185319424505	0
389	1330958	81.190319424505	1
389	1331216	81.195319424505	0
389	1332360	81.242456216758	2
389	1332503	81.247456216758	0
389	1332684	81.259061577081	0
389	1332772	81.264061577081	0
389	1333328	81.271584243852	1
389	1333477	81.276584243852	0
389	1334239	81.302811504053	0
389	1334281	81.307811504053	0
389	1339239	81.397374914106	0
389	1339386	81.402374914106	0
390	11001	40.005	0
390	11142	40.01	0
390	13516	40.038576446436	80
390	14271	40.043576446436	0
390	20405	40.114321349957	30
390	20741	40.119321349957	1
390	20892	40.124321349957	0
390	26147	40.189365009997	3
390	26420	40.194365009997	0
390	27500	40.214308954533	0
390	27781	40.219308954533	1
390	27983	40.224308954533	0
390	28734	40.238623800786	0
390	28840	40.243623800786	0
390	29295	40.250562057759	0
390	29375	40.255562057759	0
390	30010	40.261669012089	1
390	30097	40.266669012089	0
390	30810	40.274268750508	0
390	30886	40.279268750508	0
390	34375	40.333665630504	0
390	34762	40.338665630504	0
390	37057	40.383168964116	0
390	37116	40.388168964116	0
390	39658	40.425680750948	0
390	39936	40.430680750948	0
390	44576	40.498453980339	0
390	44865	40.503453980339	0
390	46899	40.546040551731	1
390	47125	40.551040551731	0
390	47186	40.556040551731	0
390	48286	40.571920538069	0
390	48362	40.576920538069	0
390	48972	40.588625045868	0
390	50116	40.593625045868	0
390	53590	40.680483437565	0
390	53604	40.685483437565	0
390	54383	40.695308526353	1
390	54405	40.700308526353	0
390	55333	40.720162043011	0
390	55356	40.725162043011	0
390	56274	40.745124174139	0
390	56280	40.750124174139	0
390	58078	40.794830719031	0
390	58220	40.799830719031	0
390	58592	40.819180298792	5
390	59446	40.824180298792	0
390	59473	40.829180298792	0
390	60855	40.876724366111	1
390	61008	40.881724366111	0
390	62069	40.90730017157	12
390	62132	40.91230017157	0
390	62754	40.930726554767	1
390	62896	40.935726554767	0
390	63559	40.959150372489	1
390	63833	40.964150372489	0
390	64407	40.990518397766	0
390	64417	40.995518397766	0
390	65306	41.0142603607	1
390	65451	41.0192603607	0
390	66665	41.045062583217	1
390	66804	41.050062583217	0
390	68376	41.070196376007	0
390	68574	41.075196376007	0
390	84161	41.356101404585	1
390	84165	41.361101404585	0
390	85085	41.392958569194	0
390	85096	41.397958569194	0
390	85894	41.421529920286	0
390	85902	41.426529920286	0
390	86550	41.44780439054	1
390	86688	41.45280439054	0
390	87560	41.478977750869	0
390	87561	41.483977750869	0
390	88324	41.505209920286	0
390	88338	41.510209920286	0
390	89140	41.528588393915	1
390	89148	41.533588393915	0
390	90121	41.613292363449	0
390	90123	41.618292363449	0
390	90758	41.637737934993	1
390	90900	41.642737934993	0
390	91656	41.667185958697	0
390	91661	41.672185958697	0
390	93444	41.745802006105	0
390	93451	41.750802006105	0
390	93904	41.772108407691	0
390	93905	41.777108407691	0
390	95266	41.825378053513	0
390	95408	41.830378053513	0
390	96106	41.856076383115	0
390	96109	41.861076383115	0
390	96985	41.898969750868	0
390	96986	41.903969750868	0
390	97943	41.936604383836	0
390	97965	41.941604383836	0
390	124988	43.005	1
390	124993	43.01	0
390	149261	44.005	1
390	149266	44.01	0
390	175977	45.005	0
390	176008	45.01	0
390	178109	45.042460840856	1
390	178257	45.047460840856	0
390	179642	45.068470580375	1
390	179805	45.073470580375	0
390	180613	45.09286966069	0
390	180811	45.09786966069	0
390	181530	45.118016627665	0
390	181811	45.123016627665	0
390	183736	45.149006152713	0
390	183805	45.154006152713	0
390	188813	45.226616478689	0
390	188893	45.231616478689	0
390	201138	46.005	1
390	201148	46.01	0
390	228107	47.005	1
390	228109	47.01	0
390	254385	48.005	1
390	254387	48.01	0
390	282755	49.005	1
390	282756	49.01	0
390	311457	50.005	1
390	311458	50.01	0
390	312085	50.022988017254	1
390	312089	50.027988017254	0
390	340973	51.005	1
390	340974	51.01	0
390	366983	52.005	0
390	366990	52.01	0
390	370002	52.040492719281	58
390	370676	52.045492719281	0
390	376622	52.091589796616	0
390	376694	52.096589796616	0
390	378735	52.142506841882	0
390	378936	52.147506841882	0
390	379701	52.164923364215	7
390	379940	52.169923364215	0
390	380146	52.174923364215	0
390	381194	52.200715442753	0
390	381253	52.205715442753	0
390	381845	52.210965813128	0
390	381942	52.215965813128	0
390	382783	52.225871663238	0
390	382841	52.230871663238	0
390	383718	52.251483356821	0
390	383892	52.256483356821	0
390	384878	52.270747704878	0
390	384935	52.275747704878	0
390	385225	52.282123101246	0
390	385276	52.287123101246	0
390	386627	52.315891835331	0
390	386988	52.320891835331	0
390	387913	52.346163692776	0
390	387950	52.351163692776	0
390	389511	52.392013676979	1
390	389685	52.397013676979	0
390	390918	52.437929748543	0
390	390939	52.442929748543	0
390	395028	52.554569220672	0
390	395048	52.559569220672	0
390	400936	52.719209805171	0
390	400947	52.724209805171	0
390	407022	53.005	0
390	407169	53.01	0
390	409747	53.036532326617	128
390	410304	53.041532326617	0
390	421229	53.185640647085	1
390	421750	53.190640647085	0
390	423461	53.209297958335	1
390	423546	53.214297958335	0
390	445075	53.651993183003	0
390	445312	53.656993183003	0
390	454361	53.896754129895	0
390	454503	53.901754129895	0
390	455087	53.926949022169	0
390	455225	53.931949022169	0
390	457163	54.005	1
390	457170	54.01	0
390	933536	70.00501	0
390	933543	70.01001	0
390	936266	70.140903583851	1
390	937120	70.145903583851	0
390	940091	70.167683704015	0
390	940198	70.172683704015	0
390	942267	70.192576789859	0
390	942365	70.197576789859	0
390	943331	70.217397002044	0
390	943352	70.222397002044	0
390	944504	70.243342630374	0
390	944578	70.248342630374	0
390	945724	70.267645719381	0
390	945787	70.272645719381	0
390	947026	70.292192369322	0
390	947064	70.297192369322	0
390	948071	70.318176528365	0
390	948104	70.323176528365	0
390	948944	70.342910851659	0
390	949090	70.347910851659	0
390	949999	70.367906529428	0
390	950006	70.372906529428	0
390	950692	70.393055041551	0
390	950962	70.398055041551	0
390	951936	70.42378946032	0
390	951937	70.42878946032	0
390	952747	70.44700765949	1
390	952891	70.45200765949	0
390	953598	70.467049147504	1
390	953812	70.472049147504	0
390	955886	70.557271712702	1
390	956431	70.562271712702	0
390	958962	70.584155740422	0
390	959151	70.589155740422	0
390	960930	70.608568972331	0
390	961004	70.613568972331	0
390	962065	70.633560255384	0
390	962098	70.638560255384	0
390	963125	70.658668609249	0
390	963721	70.663668609249	0
390	964840	70.68317251099	0
390	965410	70.68817251099	0
390	966749	70.712863522784	0
390	966788	70.717863522784	0
390	967905	70.737934105962	0
390	967960	70.742934105962	0
390	969037	70.763718407943	0
390	969078	70.768718407943	0
390	970203	70.789223968989	0
390	970235	70.794223968989	0
390	970964	70.814175621202	0
390	970978	70.819175621202	0
390	971728	70.842565869648	0
390	971819	70.847565869648	0
390	972072	70.852790454911	0
390	972077	70.857790454911	0
390	972571	70.869370323544	0
390	972573	70.874370323544	0
390	973325	70.89556209994	0
390	973464	70.90056209994	0
390	974219	70.92634184	0
390	974221	70.93134184	0
390	974615	71.00501	1
390	974616	71.01001	0
390	975232	71.023318021665	0
390	975376	71.028318021665	0
390	976951	71.055316025632	1
390	977487	71.060316025632	0
390	979316	71.081361565451	0
390	979466	71.086361565451	0
390	980709	71.106363789117	0
390	980842	71.111363789117	0
390	981927	71.132147736611	0
390	981955	71.137147736611	0
390	983292	71.157222788633	0
390	983327	71.162222788633	0
390	984593	71.184844707339	0
390	984632	71.189844707339	0
390	985667	71.209342524301	0
390	985680	71.214342524301	0
390	986694	71.234071976205	0
390	986717	71.239071976205	0
390	987623	71.258388701509	0
390	987628	71.263388701509	0
390	988094	71.284126863955	0
390	988103	71.289126863955	0
390	988840	71.298294681502	0
390	988856	71.303294681502	0
390	989525	71.32279887281	0
390	989526	71.32779887281	0
390	990287	71.349230996969	1
390	990292	71.354230996969	0
390	992741	71.457467803706	1
390	992879	71.462467803706	0
390	1007118	72.00501	1
390	1007124	72.01001	0
390	1007815	72.024268019783	1
390	1007958	72.029268019783	0
390	1008676	72.048206038682	0
390	1008846	72.053206038682	0
390	1010141	72.079564042649	4
390	1010366	72.084564042649	0
390	1012199	72.105932042649	0
390	1012418	72.110932042649	0
390	1014171	72.130149982225	6
390	1014340	72.135149982225	0
390	1015744	72.154732042648	0
390	1015822	72.159732042648	0
390	1016968	72.178732918419	0
390	1017010	72.183732918419	0
390	1018156	72.203656435688	0
390	1018206	72.208656435688	0
390	1022149	72.274005628477	0
390	1022189	72.279005628477	0
390	1025316	72.32322071889	0
390	1025363	72.32822071889	0
390	1028900	72.39968471889	0
390	1029024	72.40468471889	0
390	1030507	72.423953549151	1
390	1030772	72.428953549151	0
390	1032553	72.449049078069	0
390	1032604	72.454049078069	0
390	1034270	72.472474482009	1
390	1034579	72.477474482009	0
390	1035672	72.49992660835	0
390	1036033	72.50492660835	0
390	1036230	72.50992660835	0
390	1037575	72.52648947357	1
390	1037897	72.53148947357	0
390	1040083	72.576561517776	0
390	1040296	72.581561517776	0
390	1041154	72.603088844981	0
390	1041372	72.608088844981	0
390	1041392	72.613088844981	0
390	1042162	72.630025501944	0
390	1042197	72.635025501944	0
390	1043274	72.656061267804	1
390	1043702	72.661061267804	0
390	1045158	72.681018195157	0
390	1045286	72.686018195157	0
390	1046242	72.705494793878	0
390	1046631	72.710494793878	0
390	1048020	72.731760391914	0
390	1048402	72.736760391914	0
390	1049695	72.758111699772	0
390	1049739	72.763111699772	0
390	1050775	72.785532562869	0
390	1050803	72.790532562869	0
390	1051770	72.80779867325	0
390	1051805	72.81279867325	0
390	1052890	72.834922975408	0
390	1052994	72.839922975408	0
390	1054141	72.860139983703	0
390	1054180	72.865139983703	0
390	1054893	72.885278174208	0
390	1054924	72.890278174208	0
390	1056241	72.910170779861	0
390	1056268	72.915170779861	0
390	1057253	72.937431861277	0
390	1057266	72.942431861277	0
390	1057906	72.962559134335	0
390	1057933	72.967559134335	0
390	1058491	72.974478967581	0
390	1058504	72.979478967581	0
390	1059601	73.000291568324	1
390	1059620	73.005291568324	0
390	1060535	73.026875983703	0
390	1060546	73.031875983703	0
390	1061468	73.05193763875	0
390	1061480	73.05693763875	0
390	1062217	73.076805940694	0
390	1062354	73.081805940694	0
390	1063153	73.106344097652	0
390	1063300	73.111344097652	0
390	1067871	73.270945675899	0
390	1067882	73.275945675899	0
390	1071507	73.434740032895	3
390	1072049	73.439740032895	0
390	1073581	73.462821596036	0
390	1073648	73.467821596036	0
390	1075449	73.506734352678	18
390	1075552	73.511734352678	0
390	1076985	73.531383417243	0
390	1077071	73.536383417243	0
390	1078625	73.556878851957	4
390	1078716	73.561878851957	0
390	1080075	73.582229383844	0
390	1080223	73.587229383844	0
390	1081685	73.607066062669	0
390	1081716	73.612066062669	0
390	1082822	73.632924630691	0
390	1082861	73.637924630691	0
390	1083860	73.657617940876	0
390	1084021	73.662617940876	0
390	1085222	73.680533978327	1
390	1085392	73.685533978327	0
390	1086184	73.7051356239	0
390	1086316	73.7101356239	0
390	1088095	73.755274696389	0
390	1088152	73.760274696389	0
390	1088967	73.781164638911	0
390	1089205	73.786164638911	0
390	1089225	73.791164638911	0
390	1090025	73.804733988362	1
390	1090193	73.809733988362	0
390	1090660	73.828656855823	0
390	1091331	73.833656855823	0
390	1091341	73.838656855823	0
390	1092168	73.853013998397	1
390	1092461	73.858013998397	0
390	1093257	73.883958142662	0
390	1093267	73.888958142662	0
390	1094026	73.908781833076	0
390	1094169	73.913781833076	0
390	1095827	73.961054046985	0
390	1096099	73.966054046985	0
390	1096987	73.993375312299	0
390	1096999	73.998375312299	0
390	1098642	74.032725858043	1
390	1098781	74.037725858043	0
390	1099442	74.060413694953	0
390	1099580	74.065413694953	0
390	1101976	74.142741874216	0
390	1101980	74.147741874216	0
390	1127034	74.848206038682	0
390	1127719	74.853206038682	0
390	1129417	74.88235077412	0
390	1129644	74.88735077412	0
390	1130930	74.908936461933	0
390	1130985	74.913936461933	0
390	1132064	74.934485426576	1
390	1132319	74.939485426576	0
390	1133948	74.959255591448	0
390	1134154	74.964255591448	0
390	1135647	74.983673996861	0
390	1135716	74.988673996861	0
390	1136968	75.008843886468	0
390	1137026	75.013843886468	0
390	1138437	75.033207307223	0
390	1138511	75.038207307223	0
390	1139807	75.057554506409	0
390	1139864	75.062554506409	0
390	1141034	75.085625821044	0
390	1141106	75.090625821044	0
390	1142270	75.110212030344	0
390	1142300	75.115212030344	0
390	1143136	75.137328857426	0
390	1143154	75.142328857426	0
390	1143936	75.161924850186	0
390	1144250	75.166924850186	0
390	1144525	75.171924850186	0
390	1145252	75.195437450373	0
390	1145264	75.200437450373	0
390	1146226	75.222533536928	0
390	1146320	75.227533536928	0
390	1147575	75.248376154402	0
390	1147597	75.253376154402	0
390	1148568	75.273657649181	0
390	1148570	75.278657649181	0
390	1149208	75.299627533379	0
390	1149340	75.304627533379	0
390	1150142	75.329828636894	0
390	1150274	75.334828636894	0
390	1151289	75.359647407709	0
390	1151290	75.364647407709	0
390	1152100	75.386475537215	0
390	1152113	75.391475537215	0
390	1152950	75.411089359076	0
390	1152954	75.416089359076	0
390	1153869	75.448704015603	0
390	1153876	75.453704015603	0
390	1154551	75.473461534108	0
390	1154557	75.478461534108	0
390	1155588	75.514077369268	0
390	1155590	75.519077369268	0
390	1183243	76.527144885329	1
390	1183244	76.532144885329	0
390	1271710	80.005	0
390	1271823	80.01	0
390	1287483	80.297057769167	43
390	1287821	80.302057769167	0
390	1290272	80.344831310968	0
390	1290921	80.349831310968	0
390	1292648	80.375512608142	0
390	1293053	80.380512608142	0
390	1295773	80.448206038682	0
390	1295798	80.453206038682	0
390	1299167	80.521129217109	0
390	1299193	80.526129217109	0
390	1300619	80.545860343481	0
390	1300650	80.550860343481	0
390	1301777	80.570335038852	3
390	1301847	80.575335038852	0
390	1303038	80.594593842784	24
390	1303233	80.599593842784	0
390	1304645	80.61946031979	14
390	1304815	80.62446031979	0
390	1306173	80.644418032326	0
390	1306229	80.649418032326	0
390	1307251	80.666740178367	0
390	1307623	80.671740178367	0
390	1308181	80.692206291588	4
390	1308674	80.697206291588	6
390	1308816	80.702206291588	5
390	1308939	80.707206291588	0
390	1309687	80.715277114589	0
390	1310191	80.720277114589	0
390	1311206	80.748447274878	0
390	1311245	80.753447274878	0
390	1312491	80.772977050949	12
390	1312649	80.777977050949	0
390	1313856	80.797233820645	7
390	1313987	80.802233820645	0
390	1315157	80.821137171808	0
390	1315357	80.826137171808	0
390	1316208	80.847363263141	3
390	1316572	80.852363263141	0
390	1316938	80.857363263141	0
390	1317439	80.87136350846	0
390	1317488	80.87636350846	0
390	1318100	80.883693347391	0
390	1318144	80.888693347391	0
390	1318418	80.895665839259	2
390	1318489	80.900665839259	0
390	1319354	80.908382562598	0
390	1319635	80.913382562598	0
390	1320565	80.933428252296	0
390	1320609	80.938428252296	0
390	1321511	80.957966096854	0
390	1321552	80.962966096854	0
390	1322338	80.981081079613	1
390	1322624	80.986081079613	0
390	1323465	81.005933701954	0
390	1323500	81.010933701954	0
390	1324554	81.030217483537	1
390	1324592	81.035217483537	0
390	1325645	81.054729499919	0
390	1325671	81.059729499919	0
390	1326625	81.079825609522	2
390	1326648	81.084825609522	0
390	1329191	81.137796262722	0
390	1329214	81.142796262722	0
390	1330001	81.161013053545	1
390	1330165	81.166013053545	0
390	1330422	81.185319424505	0
390	1330958	81.190319424505	0
390	1331216	81.195319424505	0
390	1332360	81.242456216758	1
390	1332503	81.247456216758	0
390	1332684	81.259061577081	0
390	1332772	81.264061577081	0
390	1333328	81.271584243852	0
390	1333477	81.276584243852	0
390	1334239	81.302811504053	0
390	1334281	81.307811504053	0
390	1339239	81.397374914106	0
390	1339386	81.402374914106	0
398	1105002	74.248301906562	4.248301906562
403	1063562	73.123888737078	1.123888737078
404	990510	71.361579037787	0.361579037787
408	1183465	76.541402914014	4.541402914014
409	993094	71.475115818647	0.475115818647
411	954265	70.520903692317	0.520903692317
