version 2
run AODVScenario_1e-0-20121004-12:08:42-708
attr configname AODVScenario_1e
attr datetime 20121004-12:08:42
attr experiment AODVScenario_1e
attr inifile omnetpp.ini
attr iterationvars ""
attr iterationvars2 $repetition=0
attr measurement ""
attr network csma802154net
attr processid 708
attr repetition 0
attr replication #0
attr resultdir results
attr runnumber 0
attr seedset 0

vector 386  csma802154net.dataCentricNetworkMan  RREQPacketFrequency  ETV
vector 387  csma802154net.dataCentricNetworkMan  DiscoveryPacketFrequency  ETV
vector 388  csma802154net.dataCentricNetworkMan  RegisterPacketFrequency  ETV
vector 389  csma802154net.dataCentricNetworkMan  RReplyPacketFrequency  ETV
vector 390  csma802154net.dataCentricNetworkMan  AODVDataPacketFrequency  ETV
vector 404  csma802154net.fixhost[12].udpApp  "End-to-end delay"  ETV
vector 383  csma802154net.dataCentricNetworkMan  dataPacketE2EDelay  ETV
vector 409  csma802154net.fixhost[17].udpApp  "End-to-end delay"  ETV
vector 401  csma802154net.fixhost[9].udpApp  "End-to-end delay"  ETV
vector 402  csma802154net.fixhost[10].udpApp  "End-to-end delay"  ETV
vector 408  csma802154net.fixhost[16].udpApp  "End-to-end delay"  ETV
vector 412  csma802154net.fixhost[20].udpApp  "End-to-end delay"  ETV
vector 411  csma802154net.fixhost[19].udpApp  "End-to-end delay"  ETV
vector 398  csma802154net.fixhost[6].udpApp  "End-to-end delay"  ETV
vector 403  csma802154net.fixhost[11].udpApp  "End-to-end delay"  ETV
383	87226	71.18612406671	0.18612406671
383	87934	71.208772103752	0.208772103752
383	100068	71.412329483252	0.412329483252
383	108151	72.098804067257	0.098804067257
383	143780	72.82479504131	0.82479504131
383	188050	74.231960911961	4.231960911961
383	209508	75.250903498991	5.250903498991
383	228193	75.787168301899	5.787168301899
383	229708	75.848960284293	3.848960284293
386	11001	40.005	1
386	11142	40.01	0
386	12154	40.038576446436	160
386	12710	40.043576446436	0
386	15033	40.064325024482	154
386	15366	40.069325024482	0
386	17076	40.089053453638	4
386	17192	40.094053453638	0
386	18373	40.113879897484	37
386	18466	40.118879897484	0
386	19437	40.13875135637	22
386	19504	40.14375135637	0
386	20782	40.163222319621	83
386	20819	40.168222319621	0
386	21969	40.188321410405	40
386	22034	40.193321410405	0
386	23091	40.21357425123	72
386	23115	40.21857425123	0
386	24053	40.239284651207	13
386	24071	40.244284651207	0
386	24281	40.25548093989	11
386	24732	40.26048093989	18
386	25021	40.26548093989	0
386	25611	40.290064741583	6
386	25624	40.295064741583	0
386	26502	40.3155764767	120
386	26503	40.3205764767	0
386	27255	40.340037435024	124
386	27256	40.345037435024	0
386	28153	43.005	0
386	28154	43.01	0
386	29149	44.005	0
386	29150	44.01	0
386	30135	45.005	0
386	30136	45.01	0
386	31233	46.005	0
386	31234	46.01	0
386	32191	47.005	0
386	32192	47.01	0
386	33159	48.005	0
386	33160	48.01	0
386	34135	49.005	0
386	34136	49.01	0
386	35112	50.005	0
386	35113	50.01	0
386	35733	50.022668023381	0
386	35869	50.027668023381	0
386	36857	51.005	0
386	36858	51.01	0
386	37839	52.005	0
386	37840	52.01	0
386	38472	52.022668009399	0
386	38610	52.027668009399	0
386	39598	53.005	0
386	39599	53.01	0
386	40219	53.024268019591	0
386	40355	53.029268019591	0
386	41343	54.005	0
386	41344	54.01	0
386	46215	70.00501	0
386	46216	70.01001	0
386	46832	70.023958016409	3
386	46980	70.028958016409	0
386	48238	70.054676020375	159
386	48786	70.059676020375	0
386	50378	70.080892093864	16
386	50493	70.085892093864	0
386	51548	70.105582349227	32
386	51697	70.110582349227	0
386	52612	70.131346869575	9
386	52641	70.136346869575	0
386	53906	70.156752939803	145
386	54137	70.161752939803	0
386	55695	70.181363000074	57
386	55809	70.186363000074	0
386	57523	70.205847134128	39
386	57591	70.210847134128	0
386	58935	70.232028857912	1
386	58978	70.237028857912	0
386	60013	70.256863120721	35
386	60038	70.261863120721	0
386	60942	70.282535043238	71
386	61225	70.287535043238	0
386	62032	70.30820132654	53
386	62330	70.31320132654	0
386	63223	70.337779559163	98
386	63472	70.342779559163	0
386	63802	70.347779559163	0
386	64272	70.362268935043	18
386	65001	70.367268935043	26
386	65162	70.372268935043	0
386	66035	70.392277565714	40
386	66215	70.397277565714	0
386	67179	70.419013677477	88
386	67273	70.424013677477	0
386	68627	70.446504496727	133
386	68970	70.451504496727	0
386	70356	70.47110475574	23
386	70448	70.47610475574	0
386	71729	70.49603087318	61
386	71862	70.50103087318	0
386	73023	70.52075035605	22
386	73101	70.52575035605	0
386	74028	70.545301285115	4
386	74062	70.550301285115	0
386	75141	70.570405532866	35
386	75175	70.575405532866	0
386	76359	70.59546122762	88
386	76439	70.60046122762	0
386	77247	70.621191931332	40
386	77307	70.626191931332	0
386	77976	70.646158990358	52
386	78122	70.651158990358	0
386	78360	70.663300458817	9
386	78375	70.668300458817	0
386	79011	70.678383244968	64
386	79025	70.683383244968	0
386	79818	70.703669466789	100
386	79839	70.708669466789	0
386	80642	70.729344098617	104
386	80643	70.734344098617	0
386	81583	70.753998490414	105
386	81584	70.758998490414	0
386	82045	70.78167800811	20
386	82046	70.78667800811	0
386	82845	70.820179025615	106
386	82977	70.825179025615	0
386	83653	70.850544719905	108
386	83654	70.855544719905	0
386	84048	71.00501	0
386	84049	71.01001	0
386	84659	71.022348014563	0
386	84663	71.027348014563	0
386	85360	71.055876034858	0
386	85509	71.060876034858	0
386	86873	71.132326044609	1
386	86877	71.137326044609	0
386	89724	71.245460122659	159
386	90271	71.250460122659	0
386	92485	71.27197258003	64
386	92670	71.27697258003	0
386	94015	71.296696964875	2
386	94136	71.301696964875	0
386	95204	71.321511670015	63
386	95439	71.326511670015	0
386	96326	71.346424028008	24
386	96531	71.351424028008	7
386	96723	71.356424028008	0
386	97436	71.371893923455	51
386	97473	71.376893923455	0
386	98012	71.382266453851	52
386	98133	71.387266453851	0
386	98818	71.39468146118	0
386	99033	71.39968146118	0
386	99843	71.408171227627	35
386	100076	71.413171227627	0
386	101158	71.432519908364	8
386	101329	71.437519908364	0
386	101856	71.457474329578	31
386	102209	71.462474329578	30
386	102246	71.467474329578	0
386	102887	71.48205080474	37
386	102907	71.48705080474	0
386	103640	71.507454751751	44
386	103776	71.512454751751	0
386	104239	71.536230260816	28
386	104558	71.541230260816	37
386	104826	71.546230260816	0
386	105247	71.572905803261	10
386	105248	71.577905803261	0
386	106044	71.623117486817	106
386	106045	71.628117486817	0
386	106439	72.00501	0
386	106440	72.01001	0
386	107030	72.023948023036	0
386	107034	72.028948023036	0
386	107792	72.081166041823	2
386	107936	72.086166041823	0
386	109870	72.136452096658	159
386	110403	72.141452096658	0
386	112547	72.162516170187	82
386	112744	72.167516170187	0
386	114400	72.187244096657	59
386	114607	72.192244096657	0
386	116160	72.212132269887	66
386	116263	72.217132269887	0
386	117646	72.236365229458	15
386	117694	72.241365229458	0
386	119329	72.261559395827	29
386	119362	72.266559395827	0
386	120820	72.286161305887	30
386	120864	72.291161305887	0
386	121784	72.311128853842	40
386	121813	72.316128853842	0
386	122636	72.336237064718	59
386	122868	72.341237064718	10
386	122889	72.346237064718	0
386	123644	72.360556871643	75
386	123805	72.365556871643	0
386	124827	72.384902317282	74
386	124848	72.389902317282	0
386	126095	72.410081362102	86
386	126261	72.415081362102	0
386	127284	72.437372053831	5
386	127317	72.442372053831	0
386	128820	72.462351526742	220
386	129640	72.467351526742	0
386	131268	72.486829345562	24
386	131968	72.491829345562	8
386	132070	72.496829345562	0
386	132642	72.511646032338	5
386	133249	72.516646032338	3
386	133450	72.521646032338	0
386	134314	72.541227062196	41
386	134463	72.546227062196	0
386	134727	72.556678364264	11
386	134782	72.561678364264	0
386	135655	72.570812500619	66
386	135710	72.575812500619	0
386	136137	72.590875999222	2
386	136720	72.595875999222	49
386	136754	72.600875999222	0
386	137280	72.615081918526	36
386	137863	72.620081918526	53
386	137893	72.625081918526	0
386	138814	72.642159622256	80
386	138985	72.647159622256	0
386	139484	72.667311233795	25
386	139859	72.672311233795	36
386	140007	72.677311233795	0
386	140320	72.691883581131	27
386	140459	72.696883581131	0
386	140947	72.703668805566	35
386	140949	72.708668805566	0
386	141697	72.723507983266	90
386	141701	72.728507983266	0
386	142591	72.770831529245	124
386	142592	72.775831529245	0
386	143548	72.81244698752	110
386	143549	72.81744698752	0
386	143559	72.823958016409	3
386	143919	72.828958016409	0
386	145412	72.861483073961	159
386	145944	72.866483073961	0
386	147789	72.887261359982	77
386	148051	72.892261359982	0
386	149631	72.91205599335	35
386	149764	72.91705599335	0
386	151327	72.93645931139	32
386	151359	72.94145931139	0
386	152491	72.961898008769	5
386	152534	72.966898008769	0
386	153729	72.986738588318	86
386	153794	72.991738588318	0
386	154174	73.00501	0
386	154786	73.01001	14
386	154975	73.01501	0
386	156224	73.036362970718	87
386	156339	73.041362970718	0
386	157520	73.063636407369	50
386	157548	73.068636407369	0
386	158385	73.088412106338	58
386	158531	73.093412106338	0
386	159017	73.112820044086	52
386	159384	73.117820044086	19
386	159670	73.122820044086	0
386	160825	73.14537107396	59
386	161051	73.15037107396	0
386	162474	73.173596999753	60
386	162649	73.178596999753	0
386	164098	73.199919520283	43
386	164136	73.204919520283	0
386	164981	73.225784062831	27
386	165335	73.230784062831	0
386	166320	73.250325029432	84
386	166956	73.255325029432	1
386	167100	73.260325029432	0
386	168194	73.277957208885	29
386	168262	73.282957208885	0
386	169284	73.302698755585	21
386	169327	73.307698755585	0
386	169605	73.319180529055	14
386	170136	73.324180529055	45
386	170648	73.329180529055	0
386	171889	73.353447529121	52
386	172071	73.358447529121	0
386	172984	73.378528146227	45
386	173207	73.383528146227	14
386	173364	73.388528146227	0
386	173981	73.403708445351	18
386	174275	73.408708445351	33
386	174315	73.413708445351	0
386	175176	73.429386254199	68
386	175239	73.434386254199	0
386	175748	73.446017524259	30
386	176111	73.451017524259	31
386	176144	73.456017524259	0
386	176714	73.470354652813	48
386	176791	73.475354652813	0
386	178164	73.495450931121	115
386	178241	73.500450931121	0
386	179127	73.519842856144	1
386	179149	73.524842856144	0
386	180037	73.546595309071	113
386	180050	73.551595309071	0
386	180988	73.571039677809	124
386	180993	73.576039677809	0
386	181993	73.5958126855	114
386	181999	73.6008126855	0
386	182545	73.62225005275	1
386	182554	73.62725005275	0
386	183436	73.649707877018	121
386	183450	73.654707877018	0
386	184212	73.675740127547	124
386	184478	73.680740127547	0
386	185019	73.704975151655	36
386	185020	73.709975151655	0
386	187815	74.219302901831	0
386	187824	74.224302901831	0
386	190754	74.881176041823	1
386	190895	74.886176041823	0
386	192374	74.91340203817	137
386	192926	74.91840203817	0
386	194718	74.93947849608	39
386	194907	74.94447849608	0
386	196144	74.964276557402	7
386	196204	74.969276557402	0
386	197078	74.989062214845	33
386	197156	74.994062214845	0
386	199054	75.014099177818	123
386	199259	75.019099177818	0
386	200234	75.037384148461	0
386	200800	75.042384148461	0
386	201992	75.066317807716	0
386	202278	75.071317807716	0
386	203098	75.091592780655	13
386	203288	75.096592780655	0
386	204060	75.12088413133	15
386	204230	75.12588413133	0
386	204685	75.136963698763	0
386	204727	75.141963698763	0
386	205058	75.15018948423	22
386	205348	75.15518948423	0
386	207337	75.205386736846	0
386	207500	75.210386736846	0
386	207776	75.219913422644	14
386	207817	75.224913422644	0
386	208886	75.232935482573	0
386	209070	75.237935482573	0
386	210544	75.279544209653	0
386	210703	75.284544209653	0
386	215027	75.405183839285	0
386	215073	75.410183839285	0
386	218603	75.498262210951	0
386	218622	75.503262210951	0
386	220527	75.568661195268	0
386	220551	75.573661195268	0
386	223078	75.639569922128	0
386	223213	75.644569922128	0
386	224075	75.668112194768	0
386	224225	75.673112194768	0
386	227813	75.769840264602	0
386	227958	75.774840264602	0
386	296491	80.005	1
386	296514	80.01	0
387	11001	40.005	0
387	11142	40.01	0
387	12154	40.038576446436	0
387	12710	40.043576446436	0
387	15033	40.064325024482	0
387	15366	40.069325024482	0
387	17076	40.089053453638	0
387	17192	40.094053453638	0
387	18373	40.113879897484	0
387	18466	40.118879897484	0
387	19437	40.13875135637	0
387	19504	40.14375135637	0
387	20782	40.163222319621	0
387	20819	40.168222319621	0
387	21969	40.188321410405	0
387	22034	40.193321410405	0
387	23091	40.21357425123	0
387	23115	40.21857425123	0
387	24053	40.239284651207	0
387	24071	40.244284651207	0
387	24281	40.25548093989	0
387	24732	40.26048093989	0
387	25021	40.26548093989	0
387	25611	40.290064741583	0
387	25624	40.295064741583	0
387	26502	40.3155764767	0
387	26503	40.3205764767	0
387	27255	40.340037435024	0
387	27256	40.345037435024	0
387	28153	43.005	0
387	28154	43.01	0
387	29149	44.005	0
387	29150	44.01	0
387	30135	45.005	0
387	30136	45.01	0
387	31233	46.005	0
387	31234	46.01	0
387	32191	47.005	0
387	32192	47.01	0
387	33159	48.005	0
387	33160	48.01	0
387	34135	49.005	0
387	34136	49.01	0
387	35112	50.005	0
387	35113	50.01	0
387	35733	50.022668023381	0
387	35869	50.027668023381	0
387	36857	51.005	0
387	36858	51.01	0
387	37839	52.005	0
387	37840	52.01	0
387	38472	52.022668009399	0
387	38610	52.027668009399	0
387	39598	53.005	0
387	39599	53.01	0
387	40219	53.024268019591	0
387	40355	53.029268019591	0
387	41343	54.005	0
387	41344	54.01	0
387	46215	70.00501	0
387	46216	70.01001	0
387	46832	70.023958016409	0
387	46980	70.028958016409	0
387	48238	70.054676020375	0
387	48786	70.059676020375	0
387	50378	70.080892093864	0
387	50493	70.085892093864	0
387	51548	70.105582349227	0
387	51697	70.110582349227	0
387	52612	70.131346869575	0
387	52641	70.136346869575	0
387	53906	70.156752939803	0
387	54137	70.161752939803	0
387	55695	70.181363000074	0
387	55809	70.186363000074	0
387	57523	70.205847134128	0
387	57591	70.210847134128	0
387	58935	70.232028857912	0
387	58978	70.237028857912	0
387	60013	70.256863120721	0
387	60038	70.261863120721	0
387	60942	70.282535043238	0
387	61225	70.287535043238	0
387	62032	70.30820132654	0
387	62330	70.31320132654	0
387	63223	70.337779559163	0
387	63472	70.342779559163	0
387	63802	70.347779559163	0
387	64272	70.362268935043	0
387	65001	70.367268935043	0
387	65162	70.372268935043	0
387	66035	70.392277565714	0
387	66215	70.397277565714	0
387	67179	70.419013677477	0
387	67273	70.424013677477	0
387	68627	70.446504496727	0
387	68970	70.451504496727	0
387	70356	70.47110475574	0
387	70448	70.47610475574	0
387	71729	70.49603087318	0
387	71862	70.50103087318	0
387	73023	70.52075035605	0
387	73101	70.52575035605	0
387	74028	70.545301285115	0
387	74062	70.550301285115	0
387	75141	70.570405532866	0
387	75175	70.575405532866	0
387	76359	70.59546122762	0
387	76439	70.60046122762	0
387	77247	70.621191931332	0
387	77307	70.626191931332	0
387	77976	70.646158990358	0
387	78122	70.651158990358	0
387	78360	70.663300458817	0
387	78375	70.668300458817	0
387	79011	70.678383244968	0
387	79025	70.683383244968	0
387	79818	70.703669466789	0
387	79839	70.708669466789	0
387	80642	70.729344098617	0
387	80643	70.734344098617	0
387	81583	70.753998490414	0
387	81584	70.758998490414	0
387	82045	70.78167800811	0
387	82046	70.78667800811	0
387	82845	70.820179025615	0
387	82977	70.825179025615	0
387	83653	70.850544719905	0
387	83654	70.855544719905	0
387	84048	71.00501	0
387	84049	71.01001	0
387	84659	71.022348014563	0
387	84663	71.027348014563	0
387	85360	71.055876034858	0
387	85509	71.060876034858	0
387	86873	71.132326044609	0
387	86877	71.137326044609	0
387	89724	71.245460122659	0
387	90271	71.250460122659	0
387	92485	71.27197258003	0
387	92670	71.27697258003	0
387	94015	71.296696964875	0
387	94136	71.301696964875	0
387	95204	71.321511670015	0
387	95439	71.326511670015	0
387	96326	71.346424028008	0
387	96531	71.351424028008	0
387	96723	71.356424028008	0
387	97436	71.371893923455	0
387	97473	71.376893923455	0
387	98012	71.382266453851	0
387	98133	71.387266453851	0
387	98818	71.39468146118	0
387	99033	71.39968146118	0
387	99843	71.408171227627	0
387	100076	71.413171227627	0
387	101158	71.432519908364	0
387	101329	71.437519908364	0
387	101856	71.457474329578	0
387	102209	71.462474329578	0
387	102246	71.467474329578	0
387	102887	71.48205080474	0
387	102907	71.48705080474	0
387	103640	71.507454751751	0
387	103776	71.512454751751	0
387	104239	71.536230260816	0
387	104558	71.541230260816	0
387	104826	71.546230260816	0
387	105247	71.572905803261	0
387	105248	71.577905803261	0
387	106044	71.623117486817	0
387	106045	71.628117486817	0
387	106439	72.00501	0
387	106440	72.01001	0
387	107030	72.023948023036	0
387	107034	72.028948023036	0
387	107792	72.081166041823	0
387	107936	72.086166041823	0
387	109870	72.136452096658	0
387	110403	72.141452096658	0
387	112547	72.162516170187	0
387	112744	72.167516170187	0
387	114400	72.187244096657	0
387	114607	72.192244096657	0
387	116160	72.212132269887	0
387	116263	72.217132269887	0
387	117646	72.236365229458	0
387	117694	72.241365229458	0
387	119329	72.261559395827	0
387	119362	72.266559395827	0
387	120820	72.286161305887	0
387	120864	72.291161305887	0
387	121784	72.311128853842	0
387	121813	72.316128853842	0
387	122636	72.336237064718	0
387	122868	72.341237064718	0
387	122889	72.346237064718	0
387	123644	72.360556871643	0
387	123805	72.365556871643	0
387	124827	72.384902317282	0
387	124848	72.389902317282	0
387	126095	72.410081362102	0
387	126261	72.415081362102	0
387	127284	72.437372053831	0
387	127317	72.442372053831	0
387	128820	72.462351526742	0
387	129640	72.467351526742	0
387	131268	72.486829345562	0
387	131968	72.491829345562	0
387	132070	72.496829345562	0
387	132642	72.511646032338	0
387	133249	72.516646032338	0
387	133450	72.521646032338	0
387	134314	72.541227062196	0
387	134463	72.546227062196	0
387	134727	72.556678364264	0
387	134782	72.561678364264	0
387	135655	72.570812500619	0
387	135710	72.575812500619	0
387	136137	72.590875999222	0
387	136720	72.595875999222	0
387	136754	72.600875999222	0
387	137280	72.615081918526	0
387	137863	72.620081918526	0
387	137893	72.625081918526	0
387	138814	72.642159622256	0
387	138985	72.647159622256	0
387	139484	72.667311233795	0
387	139859	72.672311233795	0
387	140007	72.677311233795	0
387	140320	72.691883581131	0
387	140459	72.696883581131	0
387	140947	72.703668805566	0
387	140949	72.708668805566	0
387	141697	72.723507983266	0
387	141701	72.728507983266	0
387	142591	72.770831529245	0
387	142592	72.775831529245	0
387	143548	72.81244698752	0
387	143549	72.81744698752	0
387	143559	72.823958016409	0
387	143919	72.828958016409	0
387	145412	72.861483073961	0
387	145944	72.866483073961	0
387	147789	72.887261359982	0
387	148051	72.892261359982	0
387	149631	72.91205599335	0
387	149764	72.91705599335	0
387	151327	72.93645931139	0
387	151359	72.94145931139	0
387	152491	72.961898008769	0
387	152534	72.966898008769	0
387	153729	72.986738588318	0
387	153794	72.991738588318	0
387	154174	73.00501	0
387	154786	73.01001	0
387	154975	73.01501	0
387	156224	73.036362970718	0
387	156339	73.041362970718	0
387	157520	73.063636407369	0
387	157548	73.068636407369	0
387	158385	73.088412106338	0
387	158531	73.093412106338	0
387	159017	73.112820044086	0
387	159384	73.117820044086	0
387	159670	73.122820044086	0
387	160825	73.14537107396	0
387	161051	73.15037107396	0
387	162474	73.173596999753	0
387	162649	73.178596999753	0
387	164098	73.199919520283	0
387	164136	73.204919520283	0
387	164981	73.225784062831	0
387	165335	73.230784062831	0
387	166320	73.250325029432	0
387	166956	73.255325029432	0
387	167100	73.260325029432	0
387	168194	73.277957208885	0
387	168262	73.282957208885	0
387	169284	73.302698755585	0
387	169327	73.307698755585	0
387	169605	73.319180529055	0
387	170136	73.324180529055	0
387	170648	73.329180529055	0
387	171889	73.353447529121	0
387	172071	73.358447529121	0
387	172984	73.378528146227	0
387	173207	73.383528146227	0
387	173364	73.388528146227	0
387	173981	73.403708445351	0
387	174275	73.408708445351	0
387	174315	73.413708445351	0
387	175176	73.429386254199	0
387	175239	73.434386254199	0
387	175748	73.446017524259	0
387	176111	73.451017524259	0
387	176144	73.456017524259	0
387	176714	73.470354652813	0
387	176791	73.475354652813	0
387	178164	73.495450931121	0
387	178241	73.500450931121	0
387	179127	73.519842856144	0
387	179149	73.524842856144	0
387	180037	73.546595309071	0
387	180050	73.551595309071	0
387	180988	73.571039677809	0
387	180993	73.576039677809	0
387	181993	73.5958126855	0
387	181999	73.6008126855	0
387	182545	73.62225005275	0
387	182554	73.62725005275	0
387	183436	73.649707877018	0
387	183450	73.654707877018	0
387	184212	73.675740127547	0
387	184478	73.680740127547	0
387	185019	73.704975151655	0
387	185020	73.709975151655	0
387	187815	74.219302901831	0
387	187824	74.224302901831	0
387	190754	74.881176041823	0
387	190895	74.886176041823	0
387	192374	74.91340203817	0
387	192926	74.91840203817	0
387	194718	74.93947849608	0
387	194907	74.94447849608	0
387	196144	74.964276557402	0
387	196204	74.969276557402	0
387	197078	74.989062214845	0
387	197156	74.994062214845	0
387	199054	75.014099177818	0
387	199259	75.019099177818	0
387	200234	75.037384148461	0
387	200800	75.042384148461	0
387	201992	75.066317807716	0
387	202278	75.071317807716	0
387	203098	75.091592780655	0
387	203288	75.096592780655	0
387	204060	75.12088413133	0
387	204230	75.12588413133	0
387	204685	75.136963698763	0
387	204727	75.141963698763	0
387	205058	75.15018948423	0
387	205348	75.15518948423	0
387	207337	75.205386736846	0
387	207500	75.210386736846	0
387	207776	75.219913422644	0
387	207817	75.224913422644	0
387	208886	75.232935482573	0
387	209070	75.237935482573	0
387	210544	75.279544209653	0
387	210703	75.284544209653	0
387	215027	75.405183839285	0
387	215073	75.410183839285	0
387	218603	75.498262210951	0
387	218622	75.503262210951	0
387	220527	75.568661195268	0
387	220551	75.573661195268	0
387	223078	75.639569922128	0
387	223213	75.644569922128	0
387	224075	75.668112194768	0
387	224225	75.673112194768	0
387	227813	75.769840264602	0
387	227958	75.774840264602	0
387	296491	80.005	0
387	296514	80.01	0
388	11001	40.005	0
388	11142	40.01	0
388	12154	40.038576446436	0
388	12710	40.043576446436	0
388	15033	40.064325024482	0
388	15366	40.069325024482	0
388	17076	40.089053453638	0
388	17192	40.094053453638	0
388	18373	40.113879897484	0
388	18466	40.118879897484	0
388	19437	40.13875135637	0
388	19504	40.14375135637	0
388	20782	40.163222319621	0
388	20819	40.168222319621	0
388	21969	40.188321410405	0
388	22034	40.193321410405	0
388	23091	40.21357425123	0
388	23115	40.21857425123	0
388	24053	40.239284651207	0
388	24071	40.244284651207	0
388	24281	40.25548093989	0
388	24732	40.26048093989	0
388	25021	40.26548093989	0
388	25611	40.290064741583	0
388	25624	40.295064741583	0
388	26502	40.3155764767	0
388	26503	40.3205764767	0
388	27255	40.340037435024	0
388	27256	40.345037435024	0
388	28153	43.005	1
388	28154	43.01	0
388	29149	44.005	1
388	29150	44.01	0
388	30135	45.005	1
388	30136	45.01	0
388	31233	46.005	1
388	31234	46.01	0
388	32191	47.005	1
388	32192	47.01	0
388	33159	48.005	1
388	33160	48.01	0
388	34135	49.005	1
388	34136	49.01	0
388	35112	50.005	1
388	35113	50.01	0
388	35733	50.022668023381	0
388	35869	50.027668023381	0
388	36857	51.005	1
388	36858	51.01	0
388	37839	52.005	1
388	37840	52.01	0
388	38472	52.022668009399	0
388	38610	52.027668009399	0
388	39598	53.005	1
388	39599	53.01	0
388	40219	53.024268019591	0
388	40355	53.029268019591	0
388	41343	54.005	1
388	41344	54.01	0
388	46215	70.00501	0
388	46216	70.01001	0
388	46832	70.023958016409	0
388	46980	70.028958016409	0
388	48238	70.054676020375	0
388	48786	70.059676020375	0
388	50378	70.080892093864	0
388	50493	70.085892093864	0
388	51548	70.105582349227	0
388	51697	70.110582349227	0
388	52612	70.131346869575	0
388	52641	70.136346869575	0
388	53906	70.156752939803	0
388	54137	70.161752939803	0
388	55695	70.181363000074	0
388	55809	70.186363000074	0
388	57523	70.205847134128	0
388	57591	70.210847134128	0
388	58935	70.232028857912	0
388	58978	70.237028857912	0
388	60013	70.256863120721	0
388	60038	70.261863120721	0
388	60942	70.282535043238	0
388	61225	70.287535043238	0
388	62032	70.30820132654	0
388	62330	70.31320132654	0
388	63223	70.337779559163	0
388	63472	70.342779559163	0
388	63802	70.347779559163	0
388	64272	70.362268935043	0
388	65001	70.367268935043	0
388	65162	70.372268935043	0
388	66035	70.392277565714	0
388	66215	70.397277565714	0
388	67179	70.419013677477	0
388	67273	70.424013677477	0
388	68627	70.446504496727	0
388	68970	70.451504496727	0
388	70356	70.47110475574	0
388	70448	70.47610475574	0
388	71729	70.49603087318	0
388	71862	70.50103087318	0
388	73023	70.52075035605	0
388	73101	70.52575035605	0
388	74028	70.545301285115	0
388	74062	70.550301285115	0
388	75141	70.570405532866	0
388	75175	70.575405532866	0
388	76359	70.59546122762	0
388	76439	70.60046122762	0
388	77247	70.621191931332	0
388	77307	70.626191931332	0
388	77976	70.646158990358	0
388	78122	70.651158990358	0
388	78360	70.663300458817	0
388	78375	70.668300458817	0
388	79011	70.678383244968	0
388	79025	70.683383244968	0
388	79818	70.703669466789	0
388	79839	70.708669466789	0
388	80642	70.729344098617	0
388	80643	70.734344098617	0
388	81583	70.753998490414	0
388	81584	70.758998490414	0
388	82045	70.78167800811	0
388	82046	70.78667800811	0
388	82845	70.820179025615	0
388	82977	70.825179025615	0
388	83653	70.850544719905	0
388	83654	70.855544719905	0
388	84048	71.00501	0
388	84049	71.01001	0
388	84659	71.022348014563	0
388	84663	71.027348014563	0
388	85360	71.055876034858	0
388	85509	71.060876034858	0
388	86873	71.132326044609	0
388	86877	71.137326044609	0
388	89724	71.245460122659	0
388	90271	71.250460122659	0
388	92485	71.27197258003	0
388	92670	71.27697258003	0
388	94015	71.296696964875	0
388	94136	71.301696964875	0
388	95204	71.321511670015	0
388	95439	71.326511670015	0
388	96326	71.346424028008	0
388	96531	71.351424028008	0
388	96723	71.356424028008	0
388	97436	71.371893923455	0
388	97473	71.376893923455	0
388	98012	71.382266453851	0
388	98133	71.387266453851	0
388	98818	71.39468146118	0
388	99033	71.39968146118	0
388	99843	71.408171227627	0
388	100076	71.413171227627	0
388	101158	71.432519908364	0
388	101329	71.437519908364	0
388	101856	71.457474329578	0
388	102209	71.462474329578	0
388	102246	71.467474329578	0
388	102887	71.48205080474	0
388	102907	71.48705080474	0
388	103640	71.507454751751	0
388	103776	71.512454751751	0
388	104239	71.536230260816	0
388	104558	71.541230260816	0
388	104826	71.546230260816	0
388	105247	71.572905803261	0
388	105248	71.577905803261	0
388	106044	71.623117486817	0
388	106045	71.628117486817	0
388	106439	72.00501	0
388	106440	72.01001	0
388	107030	72.023948023036	0
388	107034	72.028948023036	0
388	107792	72.081166041823	0
388	107936	72.086166041823	0
388	109870	72.136452096658	0
388	110403	72.141452096658	0
388	112547	72.162516170187	0
388	112744	72.167516170187	0
388	114400	72.187244096657	0
388	114607	72.192244096657	0
388	116160	72.212132269887	0
388	116263	72.217132269887	0
388	117646	72.236365229458	0
388	117694	72.241365229458	0
388	119329	72.261559395827	0
388	119362	72.266559395827	0
388	120820	72.286161305887	0
388	120864	72.291161305887	0
388	121784	72.311128853842	0
388	121813	72.316128853842	0
388	122636	72.336237064718	0
388	122868	72.341237064718	0
388	122889	72.346237064718	0
388	123644	72.360556871643	0
388	123805	72.365556871643	0
388	124827	72.384902317282	0
388	124848	72.389902317282	0
388	126095	72.410081362102	0
388	126261	72.415081362102	0
388	127284	72.437372053831	0
388	127317	72.442372053831	0
388	128820	72.462351526742	0
388	129640	72.467351526742	0
388	131268	72.486829345562	0
388	131968	72.491829345562	0
388	132070	72.496829345562	0
388	132642	72.511646032338	0
388	133249	72.516646032338	0
388	133450	72.521646032338	0
388	134314	72.541227062196	0
388	134463	72.546227062196	0
388	134727	72.556678364264	0
388	134782	72.561678364264	0
388	135655	72.570812500619	0
388	135710	72.575812500619	0
388	136137	72.590875999222	0
388	136720	72.595875999222	0
388	136754	72.600875999222	0
388	137280	72.615081918526	0
388	137863	72.620081918526	0
388	137893	72.625081918526	0
388	138814	72.642159622256	0
388	138985	72.647159622256	0
388	139484	72.667311233795	0
388	139859	72.672311233795	0
388	140007	72.677311233795	0
388	140320	72.691883581131	0
388	140459	72.696883581131	0
388	140947	72.703668805566	0
388	140949	72.708668805566	0
388	141697	72.723507983266	0
388	141701	72.728507983266	0
388	142591	72.770831529245	0
388	142592	72.775831529245	0
388	143548	72.81244698752	0
388	143549	72.81744698752	0
388	143559	72.823958016409	0
388	143919	72.828958016409	0
388	145412	72.861483073961	0
388	145944	72.866483073961	0
388	147789	72.887261359982	0
388	148051	72.892261359982	0
388	149631	72.91205599335	0
388	149764	72.91705599335	0
388	151327	72.93645931139	0
388	151359	72.94145931139	0
388	152491	72.961898008769	0
388	152534	72.966898008769	0
388	153729	72.986738588318	0
388	153794	72.991738588318	0
388	154174	73.00501	0
388	154786	73.01001	0
388	154975	73.01501	0
388	156224	73.036362970718	0
388	156339	73.041362970718	0
388	157520	73.063636407369	0
388	157548	73.068636407369	0
388	158385	73.088412106338	0
388	158531	73.093412106338	0
388	159017	73.112820044086	0
388	159384	73.117820044086	0
388	159670	73.122820044086	0
388	160825	73.14537107396	0
388	161051	73.15037107396	0
388	162474	73.173596999753	0
388	162649	73.178596999753	0
388	164098	73.199919520283	0
388	164136	73.204919520283	0
388	164981	73.225784062831	0
388	165335	73.230784062831	0
388	166320	73.250325029432	0
388	166956	73.255325029432	0
388	167100	73.260325029432	0
388	168194	73.277957208885	0
388	168262	73.282957208885	0
388	169284	73.302698755585	0
388	169327	73.307698755585	0
388	169605	73.319180529055	0
388	170136	73.324180529055	0
388	170648	73.329180529055	0
388	171889	73.353447529121	0
388	172071	73.358447529121	0
388	172984	73.378528146227	0
388	173207	73.383528146227	0
388	173364	73.388528146227	0
388	173981	73.403708445351	0
388	174275	73.408708445351	0
388	174315	73.413708445351	0
388	175176	73.429386254199	0
388	175239	73.434386254199	0
388	175748	73.446017524259	0
388	176111	73.451017524259	0
388	176144	73.456017524259	0
388	176714	73.470354652813	0
388	176791	73.475354652813	0
388	178164	73.495450931121	0
388	178241	73.500450931121	0
388	179127	73.519842856144	0
388	179149	73.524842856144	0
388	180037	73.546595309071	0
388	180050	73.551595309071	0
388	180988	73.571039677809	0
388	180993	73.576039677809	0
388	181993	73.5958126855	0
388	181999	73.6008126855	0
388	182545	73.62225005275	0
388	182554	73.62725005275	0
388	183436	73.649707877018	0
388	183450	73.654707877018	0
388	184212	73.675740127547	0
388	184478	73.680740127547	0
388	185019	73.704975151655	0
388	185020	73.709975151655	0
388	187815	74.219302901831	0
388	187824	74.224302901831	0
388	190754	74.881176041823	0
388	190895	74.886176041823	0
388	192374	74.91340203817	0
388	192926	74.91840203817	0
388	194718	74.93947849608	0
388	194907	74.94447849608	0
388	196144	74.964276557402	0
388	196204	74.969276557402	0
388	197078	74.989062214845	0
388	197156	74.994062214845	0
388	199054	75.014099177818	0
388	199259	75.019099177818	0
388	200234	75.037384148461	0
388	200800	75.042384148461	0
388	201992	75.066317807716	0
388	202278	75.071317807716	0
388	203098	75.091592780655	0
388	203288	75.096592780655	0
388	204060	75.12088413133	0
388	204230	75.12588413133	0
388	204685	75.136963698763	0
388	204727	75.141963698763	0
388	205058	75.15018948423	0
388	205348	75.15518948423	0
388	207337	75.205386736846	0
388	207500	75.210386736846	0
388	207776	75.219913422644	0
388	207817	75.224913422644	0
388	208886	75.232935482573	0
388	209070	75.237935482573	0
388	210544	75.279544209653	0
388	210703	75.284544209653	0
388	215027	75.405183839285	0
388	215073	75.410183839285	0
388	218603	75.498262210951	0
388	218622	75.503262210951	0
388	220527	75.568661195268	0
388	220551	75.573661195268	0
388	223078	75.639569922128	0
388	223213	75.644569922128	0
388	224075	75.668112194768	0
388	224225	75.673112194768	0
388	227813	75.769840264602	0
388	227958	75.774840264602	0
388	296491	80.005	0
388	296514	80.01	0
389	11001	40.005	0
389	11142	40.01	0
389	12154	40.038576446436	0
389	12710	40.043576446436	0
389	15033	40.064325024482	0
389	15366	40.069325024482	0
389	17076	40.089053453638	0
389	17192	40.094053453638	0
389	18373	40.113879897484	0
389	18466	40.118879897484	0
389	19437	40.13875135637	0
389	19504	40.14375135637	0
389	20782	40.163222319621	0
389	20819	40.168222319621	0
389	21969	40.188321410405	0
389	22034	40.193321410405	0
389	23091	40.21357425123	0
389	23115	40.21857425123	0
389	24053	40.239284651207	0
389	24071	40.244284651207	0
389	24281	40.25548093989	0
389	24732	40.26048093989	0
389	25021	40.26548093989	0
389	25611	40.290064741583	0
389	25624	40.295064741583	0
389	26502	40.3155764767	0
389	26503	40.3205764767	0
389	27255	40.340037435024	0
389	27256	40.345037435024	0
389	28153	43.005	0
389	28154	43.01	0
389	29149	44.005	0
389	29150	44.01	0
389	30135	45.005	0
389	30136	45.01	0
389	31233	46.005	0
389	31234	46.01	0
389	32191	47.005	0
389	32192	47.01	0
389	33159	48.005	0
389	33160	48.01	0
389	34135	49.005	0
389	34136	49.01	0
389	35112	50.005	0
389	35113	50.01	0
389	35733	50.022668023381	0
389	35869	50.027668023381	0
389	36857	51.005	0
389	36858	51.01	0
389	37839	52.005	0
389	37840	52.01	0
389	38472	52.022668009399	0
389	38610	52.027668009399	0
389	39598	53.005	0
389	39599	53.01	0
389	40219	53.024268019591	0
389	40355	53.029268019591	0
389	41343	54.005	0
389	41344	54.01	0
389	46215	70.00501	0
389	46216	70.01001	0
389	46832	70.023958016409	0
389	46980	70.028958016409	0
389	48238	70.054676020375	1
389	48786	70.059676020375	0
389	50378	70.080892093864	0
389	50493	70.085892093864	0
389	51548	70.105582349227	0
389	51697	70.110582349227	0
389	52612	70.131346869575	0
389	52641	70.136346869575	0
389	53906	70.156752939803	0
389	54137	70.161752939803	0
389	55695	70.181363000074	0
389	55809	70.186363000074	0
389	57523	70.205847134128	0
389	57591	70.210847134128	0
389	58935	70.232028857912	0
389	58978	70.237028857912	0
389	60013	70.256863120721	0
389	60038	70.261863120721	0
389	60942	70.282535043238	0
389	61225	70.287535043238	0
389	62032	70.30820132654	0
389	62330	70.31320132654	0
389	63223	70.337779559163	1
389	63472	70.342779559163	0
389	63802	70.347779559163	0
389	64272	70.362268935043	0
389	65001	70.367268935043	0
389	65162	70.372268935043	0
389	66035	70.392277565714	0
389	66215	70.397277565714	0
389	67179	70.419013677477	0
389	67273	70.424013677477	0
389	68627	70.446504496727	0
389	68970	70.451504496727	0
389	70356	70.47110475574	0
389	70448	70.47610475574	0
389	71729	70.49603087318	0
389	71862	70.50103087318	0
389	73023	70.52075035605	0
389	73101	70.52575035605	0
389	74028	70.545301285115	0
389	74062	70.550301285115	0
389	75141	70.570405532866	0
389	75175	70.575405532866	0
389	76359	70.59546122762	0
389	76439	70.60046122762	0
389	77247	70.621191931332	0
389	77307	70.626191931332	0
389	77976	70.646158990358	0
389	78122	70.651158990358	0
389	78360	70.663300458817	0
389	78375	70.668300458817	0
389	79011	70.678383244968	0
389	79025	70.683383244968	0
389	79818	70.703669466789	0
389	79839	70.708669466789	0
389	80642	70.729344098617	0
389	80643	70.734344098617	0
389	81583	70.753998490414	0
389	81584	70.758998490414	0
389	82045	70.78167800811	0
389	82046	70.78667800811	0
389	82845	70.820179025615	0
389	82977	70.825179025615	0
389	83653	70.850544719905	0
389	83654	70.855544719905	0
389	84048	71.00501	0
389	84049	71.01001	0
389	84659	71.022348014563	0
389	84663	71.027348014563	0
389	85360	71.055876034858	0
389	85509	71.060876034858	0
389	86873	71.132326044609	0
389	86877	71.137326044609	0
389	89724	71.245460122659	1
389	90271	71.250460122659	0
389	92485	71.27197258003	0
389	92670	71.27697258003	0
389	94015	71.296696964875	0
389	94136	71.301696964875	0
389	95204	71.321511670015	0
389	95439	71.326511670015	0
389	96326	71.346424028008	0
389	96531	71.351424028008	0
389	96723	71.356424028008	0
389	97436	71.371893923455	0
389	97473	71.376893923455	0
389	98012	71.382266453851	0
389	98133	71.387266453851	0
389	98818	71.39468146118	1
389	99033	71.39968146118	0
389	99843	71.408171227627	0
389	100076	71.413171227627	0
389	101158	71.432519908364	0
389	101329	71.437519908364	0
389	101856	71.457474329578	0
389	102209	71.462474329578	0
389	102246	71.467474329578	0
389	102887	71.48205080474	0
389	102907	71.48705080474	0
389	103640	71.507454751751	0
389	103776	71.512454751751	0
389	104239	71.536230260816	0
389	104558	71.541230260816	0
389	104826	71.546230260816	0
389	105247	71.572905803261	0
389	105248	71.577905803261	0
389	106044	71.623117486817	0
389	106045	71.628117486817	0
389	106439	72.00501	0
389	106440	72.01001	0
389	107030	72.023948023036	0
389	107034	72.028948023036	0
389	107792	72.081166041823	0
389	107936	72.086166041823	0
389	109870	72.136452096658	1
389	110403	72.141452096658	0
389	112547	72.162516170187	0
389	112744	72.167516170187	0
389	114400	72.187244096657	0
389	114607	72.192244096657	0
389	116160	72.212132269887	0
389	116263	72.217132269887	0
389	117646	72.236365229458	0
389	117694	72.241365229458	0
389	119329	72.261559395827	0
389	119362	72.266559395827	0
389	120820	72.286161305887	0
389	120864	72.291161305887	0
389	121784	72.311128853842	0
389	121813	72.316128853842	0
389	122636	72.336237064718	0
389	122868	72.341237064718	0
389	122889	72.346237064718	0
389	123644	72.360556871643	0
389	123805	72.365556871643	0
389	124827	72.384902317282	0
389	124848	72.389902317282	0
389	126095	72.410081362102	0
389	126261	72.415081362102	0
389	127284	72.437372053831	0
389	127317	72.442372053831	0
389	128820	72.462351526742	1
389	129640	72.467351526742	0
389	131268	72.486829345562	0
389	131968	72.491829345562	0
389	132070	72.496829345562	0
389	132642	72.511646032338	0
389	133249	72.516646032338	0
389	133450	72.521646032338	0
389	134314	72.541227062196	0
389	134463	72.546227062196	0
389	134727	72.556678364264	0
389	134782	72.561678364264	0
389	135655	72.570812500619	0
389	135710	72.575812500619	0
389	136137	72.590875999222	0
389	136720	72.595875999222	0
389	136754	72.600875999222	0
389	137280	72.615081918526	0
389	137863	72.620081918526	0
389	137893	72.625081918526	0
389	138814	72.642159622256	0
389	138985	72.647159622256	0
389	139484	72.667311233795	0
389	139859	72.672311233795	0
389	140007	72.677311233795	0
389	140320	72.691883581131	0
389	140459	72.696883581131	0
389	140947	72.703668805566	0
389	140949	72.708668805566	0
389	141697	72.723507983266	0
389	141701	72.728507983266	0
389	142591	72.770831529245	0
389	142592	72.775831529245	0
389	143548	72.81244698752	0
389	143549	72.81744698752	0
389	143559	72.823958016409	0
389	143919	72.828958016409	0
389	145412	72.861483073961	1
389	145944	72.866483073961	0
389	147789	72.887261359982	0
389	148051	72.892261359982	0
389	149631	72.91205599335	0
389	149764	72.91705599335	0
389	151327	72.93645931139	0
389	151359	72.94145931139	0
389	152491	72.961898008769	0
389	152534	72.966898008769	0
389	153729	72.986738588318	0
389	153794	72.991738588318	0
389	154174	73.00501	0
389	154786	73.01001	0
389	154975	73.01501	0
389	156224	73.036362970718	0
389	156339	73.041362970718	0
389	157520	73.063636407369	0
389	157548	73.068636407369	0
389	158385	73.088412106338	0
389	158531	73.093412106338	0
389	159017	73.112820044086	0
389	159384	73.117820044086	0
389	159670	73.122820044086	0
389	160825	73.14537107396	0
389	161051	73.15037107396	0
389	162474	73.173596999753	1
389	162649	73.178596999753	0
389	164098	73.199919520283	0
389	164136	73.204919520283	0
389	164981	73.225784062831	0
389	165335	73.230784062831	0
389	166320	73.250325029432	0
389	166956	73.255325029432	0
389	167100	73.260325029432	0
389	168194	73.277957208885	0
389	168262	73.282957208885	0
389	169284	73.302698755585	0
389	169327	73.307698755585	0
389	169605	73.319180529055	0
389	170136	73.324180529055	0
389	170648	73.329180529055	0
389	171889	73.353447529121	0
389	172071	73.358447529121	0
389	172984	73.378528146227	0
389	173207	73.383528146227	0
389	173364	73.388528146227	0
389	173981	73.403708445351	0
389	174275	73.408708445351	0
389	174315	73.413708445351	0
389	175176	73.429386254199	0
389	175239	73.434386254199	0
389	175748	73.446017524259	0
389	176111	73.451017524259	0
389	176144	73.456017524259	0
389	176714	73.470354652813	0
389	176791	73.475354652813	0
389	178164	73.495450931121	0
389	178241	73.500450931121	0
389	179127	73.519842856144	0
389	179149	73.524842856144	0
389	180037	73.546595309071	0
389	180050	73.551595309071	0
389	180988	73.571039677809	0
389	180993	73.576039677809	0
389	181993	73.5958126855	0
389	181999	73.6008126855	0
389	182545	73.62225005275	0
389	182554	73.62725005275	0
389	183436	73.649707877018	0
389	183450	73.654707877018	0
389	184212	73.675740127547	0
389	184478	73.680740127547	0
389	185019	73.704975151655	0
389	185020	73.709975151655	0
389	187815	74.219302901831	0
389	187824	74.224302901831	0
389	190754	74.881176041823	0
389	190895	74.886176041823	0
389	192374	74.91340203817	46
389	192926	74.91840203817	0
389	194718	74.93947849608	0
389	194907	74.94447849608	0
389	196144	74.964276557402	0
389	196204	74.969276557402	0
389	197078	74.989062214845	2
389	197156	74.994062214845	0
389	199054	75.014099177818	35
389	199259	75.019099177818	0
389	200234	75.037384148461	1
389	200800	75.042384148461	0
389	201992	75.066317807716	1
389	202278	75.071317807716	0
389	203098	75.091592780655	0
389	203288	75.096592780655	0
389	204060	75.12088413133	0
389	204230	75.12588413133	0
389	204685	75.136963698763	1
389	204727	75.141963698763	0
389	205058	75.15018948423	0
389	205348	75.15518948423	0
389	207337	75.205386736846	1
389	207500	75.210386736846	0
389	207776	75.219913422644	0
389	207817	75.224913422644	0
389	208886	75.232935482573	1
389	209070	75.237935482573	0
389	210544	75.279544209653	2
389	210703	75.284544209653	0
389	215027	75.405183839285	0
389	215073	75.410183839285	0
389	218603	75.498262210951	1
389	218622	75.503262210951	0
389	220527	75.568661195268	1
389	220551	75.573661195268	0
389	223078	75.639569922128	1
389	223213	75.644569922128	0
389	224075	75.668112194768	1
389	224225	75.673112194768	0
389	227813	75.769840264602	0
389	227958	75.774840264602	0
389	296491	80.005	0
389	296514	80.01	0
390	11001	40.005	0
390	11142	40.01	0
390	12154	40.038576446436	0
390	12710	40.043576446436	0
390	15033	40.064325024482	0
390	15366	40.069325024482	0
390	17076	40.089053453638	0
390	17192	40.094053453638	0
390	18373	40.113879897484	0
390	18466	40.118879897484	0
390	19437	40.13875135637	0
390	19504	40.14375135637	0
390	20782	40.163222319621	0
390	20819	40.168222319621	0
390	21969	40.188321410405	0
390	22034	40.193321410405	0
390	23091	40.21357425123	0
390	23115	40.21857425123	0
390	24053	40.239284651207	0
390	24071	40.244284651207	0
390	24281	40.25548093989	0
390	24732	40.26048093989	0
390	25021	40.26548093989	0
390	25611	40.290064741583	0
390	25624	40.295064741583	0
390	26502	40.3155764767	0
390	26503	40.3205764767	0
390	27255	40.340037435024	0
390	27256	40.345037435024	0
390	28153	43.005	1
390	28154	43.01	0
390	29149	44.005	1
390	29150	44.01	0
390	30135	45.005	1
390	30136	45.01	0
390	31233	46.005	1
390	31234	46.01	0
390	32191	47.005	1
390	32192	47.01	0
390	33159	48.005	1
390	33160	48.01	0
390	34135	49.005	1
390	34136	49.01	0
390	35112	50.005	1
390	35113	50.01	0
390	35733	50.022668023381	1
390	35869	50.027668023381	0
390	36857	51.005	1
390	36858	51.01	0
390	37839	52.005	1
390	37840	52.01	0
390	38472	52.022668009399	1
390	38610	52.027668009399	0
390	39598	53.005	1
390	39599	53.01	0
390	40219	53.024268019591	1
390	40355	53.029268019591	0
390	41343	54.005	1
390	41344	54.01	0
390	46215	70.00501	1
390	46216	70.01001	0
390	46832	70.023958016409	0
390	46980	70.028958016409	0
390	48238	70.054676020375	1
390	48786	70.059676020375	0
390	50378	70.080892093864	0
390	50493	70.085892093864	0
390	51548	70.105582349227	0
390	51697	70.110582349227	0
390	52612	70.131346869575	0
390	52641	70.136346869575	0
390	53906	70.156752939803	0
390	54137	70.161752939803	0
390	55695	70.181363000074	0
390	55809	70.186363000074	0
390	57523	70.205847134128	0
390	57591	70.210847134128	0
390	58935	70.232028857912	0
390	58978	70.237028857912	0
390	60013	70.256863120721	0
390	60038	70.261863120721	0
390	60942	70.282535043238	0
390	61225	70.287535043238	0
390	62032	70.30820132654	0
390	62330	70.31320132654	0
390	63223	70.337779559163	0
390	63472	70.342779559163	1
390	63802	70.347779559163	0
390	64272	70.362268935043	0
390	65001	70.367268935043	0
390	65162	70.372268935043	0
390	66035	70.392277565714	0
390	66215	70.397277565714	0
390	67179	70.419013677477	0
390	67273	70.424013677477	0
390	68627	70.446504496727	0
390	68970	70.451504496727	0
390	70356	70.47110475574	0
390	70448	70.47610475574	0
390	71729	70.49603087318	0
390	71862	70.50103087318	0
390	73023	70.52075035605	0
390	73101	70.52575035605	0
390	74028	70.545301285115	0
390	74062	70.550301285115	0
390	75141	70.570405532866	0
390	75175	70.575405532866	0
390	76359	70.59546122762	0
390	76439	70.60046122762	0
390	77247	70.621191931332	0
390	77307	70.626191931332	0
390	77976	70.646158990358	0
390	78122	70.651158990358	0
390	78360	70.663300458817	0
390	78375	70.668300458817	0
390	79011	70.678383244968	0
390	79025	70.683383244968	0
390	79818	70.703669466789	0
390	79839	70.708669466789	0
390	80642	70.729344098617	0
390	80643	70.734344098617	0
390	81583	70.753998490414	0
390	81584	70.758998490414	0
390	82045	70.78167800811	0
390	82046	70.78667800811	0
390	82845	70.820179025615	0
390	82977	70.825179025615	0
390	83653	70.850544719905	0
390	83654	70.855544719905	0
390	84048	71.00501	1
390	84049	71.01001	0
390	84659	71.022348014563	1
390	84663	71.027348014563	0
390	85360	71.055876034858	1
390	85509	71.060876034858	0
390	86873	71.132326044609	2
390	86877	71.137326044609	0
390	89724	71.245460122659	1
390	90271	71.250460122659	0
390	92485	71.27197258003	0
390	92670	71.27697258003	0
390	94015	71.296696964875	0
390	94136	71.301696964875	0
390	95204	71.321511670015	0
390	95439	71.326511670015	0
390	96326	71.346424028008	0
390	96531	71.351424028008	0
390	96723	71.356424028008	0
390	97436	71.371893923455	0
390	97473	71.376893923455	0
390	98012	71.382266453851	0
390	98133	71.387266453851	0
390	98818	71.39468146118	1
390	99033	71.39968146118	0
390	99843	71.408171227627	0
390	100076	71.413171227627	0
390	101158	71.432519908364	0
390	101329	71.437519908364	0
390	101856	71.457474329578	0
390	102209	71.462474329578	0
390	102246	71.467474329578	0
390	102887	71.48205080474	0
390	102907	71.48705080474	0
390	103640	71.507454751751	0
390	103776	71.512454751751	0
390	104239	71.536230260816	0
390	104558	71.541230260816	0
390	104826	71.546230260816	0
390	105247	71.572905803261	0
390	105248	71.577905803261	0
390	106044	71.623117486817	0
390	106045	71.628117486817	0
390	106439	72.00501	1
390	106440	72.01001	0
390	107030	72.023948023036	1
390	107034	72.028948023036	0
390	107792	72.081166041823	1
390	107936	72.086166041823	0
390	109870	72.136452096658	1
390	110403	72.141452096658	0
390	112547	72.162516170187	0
390	112744	72.167516170187	0
390	114400	72.187244096657	0
390	114607	72.192244096657	0
390	116160	72.212132269887	0
390	116263	72.217132269887	0
390	117646	72.236365229458	0
390	117694	72.241365229458	0
390	119329	72.261559395827	0
390	119362	72.266559395827	0
390	120820	72.286161305887	0
390	120864	72.291161305887	0
390	121784	72.311128853842	0
390	121813	72.316128853842	0
390	122636	72.336237064718	0
390	122868	72.341237064718	0
390	122889	72.346237064718	0
390	123644	72.360556871643	0
390	123805	72.365556871643	0
390	124827	72.384902317282	0
390	124848	72.389902317282	0
390	126095	72.410081362102	0
390	126261	72.415081362102	0
390	127284	72.437372053831	0
390	127317	72.442372053831	0
390	128820	72.462351526742	1
390	129640	72.467351526742	0
390	131268	72.486829345562	0
390	131968	72.491829345562	0
390	132070	72.496829345562	0
390	132642	72.511646032338	0
390	133249	72.516646032338	0
390	133450	72.521646032338	0
390	134314	72.541227062196	0
390	134463	72.546227062196	0
390	134727	72.556678364264	0
390	134782	72.561678364264	0
390	135655	72.570812500619	0
390	135710	72.575812500619	0
390	136137	72.590875999222	0
390	136720	72.595875999222	0
390	136754	72.600875999222	0
390	137280	72.615081918526	0
390	137863	72.620081918526	0
390	137893	72.625081918526	0
390	138814	72.642159622256	0
390	138985	72.647159622256	0
390	139484	72.667311233795	0
390	139859	72.672311233795	0
390	140007	72.677311233795	0
390	140320	72.691883581131	0
390	140459	72.696883581131	0
390	140947	72.703668805566	0
390	140949	72.708668805566	0
390	141697	72.723507983266	0
390	141701	72.728507983266	0
390	142591	72.770831529245	0
390	142592	72.775831529245	0
390	143548	72.81244698752	1
390	143549	72.81744698752	0
390	143559	72.823958016409	0
390	143919	72.828958016409	0
390	145412	72.861483073961	1
390	145944	72.866483073961	0
390	147789	72.887261359982	0
390	148051	72.892261359982	0
390	149631	72.91205599335	0
390	149764	72.91705599335	0
390	151327	72.93645931139	0
390	151359	72.94145931139	0
390	152491	72.961898008769	0
390	152534	72.966898008769	0
390	153729	72.986738588318	0
390	153794	72.991738588318	0
390	154174	73.00501	1
390	154786	73.01001	0
390	154975	73.01501	0
390	156224	73.036362970718	0
390	156339	73.041362970718	0
390	157520	73.063636407369	0
390	157548	73.068636407369	0
390	158385	73.088412106338	0
390	158531	73.093412106338	0
390	159017	73.112820044086	0
390	159384	73.117820044086	0
390	159670	73.122820044086	0
390	160825	73.14537107396	0
390	161051	73.15037107396	0
390	162474	73.173596999753	1
390	162649	73.178596999753	0
390	164098	73.199919520283	0
390	164136	73.204919520283	0
390	164981	73.225784062831	0
390	165335	73.230784062831	0
390	166320	73.250325029432	0
390	166956	73.255325029432	0
390	167100	73.260325029432	0
390	168194	73.277957208885	0
390	168262	73.282957208885	0
390	169284	73.302698755585	0
390	169327	73.307698755585	0
390	169605	73.319180529055	0
390	170136	73.324180529055	0
390	170648	73.329180529055	0
390	171889	73.353447529121	0
390	172071	73.358447529121	0
390	172984	73.378528146227	0
390	173207	73.383528146227	0
390	173364	73.388528146227	0
390	173981	73.403708445351	0
390	174275	73.408708445351	0
390	174315	73.413708445351	0
390	175176	73.429386254199	0
390	175239	73.434386254199	0
390	175748	73.446017524259	0
390	176111	73.451017524259	0
390	176144	73.456017524259	0
390	176714	73.470354652813	0
390	176791	73.475354652813	0
390	178164	73.495450931121	0
390	178241	73.500450931121	0
390	179127	73.519842856144	0
390	179149	73.524842856144	0
390	180037	73.546595309071	0
390	180050	73.551595309071	0
390	180988	73.571039677809	0
390	180993	73.576039677809	0
390	181993	73.5958126855	0
390	181999	73.6008126855	0
390	182545	73.62225005275	0
390	182554	73.62725005275	0
390	183436	73.649707877018	0
390	183450	73.654707877018	0
390	184212	73.675740127547	0
390	184478	73.680740127547	0
390	185019	73.704975151655	0
390	185020	73.709975151655	0
390	187815	74.219302901831	1
390	187824	74.224302901831	0
390	190754	74.881176041823	0
390	190895	74.886176041823	0
390	192374	74.91340203817	46
390	192926	74.91840203817	0
390	194718	74.93947849608	0
390	194907	74.94447849608	0
390	196144	74.964276557402	0
390	196204	74.969276557402	0
390	197078	74.989062214845	2
390	197156	74.994062214845	0
390	199054	75.014099177818	35
390	199259	75.019099177818	0
390	200234	75.037384148461	0
390	200800	75.042384148461	0
390	201992	75.066317807716	0
390	202278	75.071317807716	0
390	203098	75.091592780655	0
390	203288	75.096592780655	0
390	204060	75.12088413133	0
390	204230	75.12588413133	0
390	204685	75.136963698763	0
390	204727	75.141963698763	0
390	205058	75.15018948423	0
390	205348	75.15518948423	0
390	207337	75.205386736846	0
390	207500	75.210386736846	0
390	207776	75.219913422644	0
390	207817	75.224913422644	0
390	208886	75.232935482573	2
390	209070	75.237935482573	0
390	210544	75.279544209653	1
390	210703	75.284544209653	0
390	215027	75.405183839285	1
390	215073	75.410183839285	0
390	218603	75.498262210951	0
390	218622	75.503262210951	0
390	220527	75.568661195268	0
390	220551	75.573661195268	0
390	223078	75.639569922128	0
390	223213	75.644569922128	0
390	224075	75.668112194768	0
390	224225	75.673112194768	0
390	227813	75.769840264602	1
390	227958	75.774840264602	0
390	296491	80.005	0
390	296514	80.01	0
398	228193	75.787168301899	5.787168301899
401	100068	71.412329483252	0.412329483252
402	108151	72.098804067257	0.098804067257
403	229708	75.848960284293	3.848960284293
404	87226	71.18612406671	0.18612406671
408	143780	72.82479504131	0.82479504131
409	87934	71.208772103752	0.208772103752
411	209508	75.250903498991	5.250903498991
412	188050	74.231960911961	4.231960911961
