version 2
run AODVScenario_1g-0-20121004-18:57:01-1772
attr configname AODVScenario_1g
attr datetime 20121004-18:57:01
attr experiment AODVScenario_1g
attr inifile omnetpp.ini
attr iterationvars ""
attr iterationvars2 $repetition=0
attr measurement ""
attr network csma802154net
attr processid 1772
attr repetition 0
attr replication #0
attr resultdir results
attr runnumber 0
attr seedset 0

vector 386  csma802154net.dataCentricNetworkMan  RREQPacketFrequency  ETV
vector 387  csma802154net.dataCentricNetworkMan  DiscoveryPacketFrequency  ETV
vector 388  csma802154net.dataCentricNetworkMan  RegisterPacketFrequency  ETV
vector 389  csma802154net.dataCentricNetworkMan  RReplyPacketFrequency  ETV
vector 390  csma802154net.dataCentricNetworkMan  AODVDataPacketFrequency  ETV
vector 398  csma802154net.fixhost[6].udpApp  "End-to-end delay"  ETV
vector 383  csma802154net.dataCentricNetworkMan  dataPacketE2EDelay  ETV
vector 411  csma802154net.fixhost[19].udpApp  "End-to-end delay"  ETV
vector 412  csma802154net.fixhost[20].udpApp  "End-to-end delay"  ETV
vector 401  csma802154net.fixhost[9].udpApp  "End-to-end delay"  ETV
vector 404  csma802154net.fixhost[12].udpApp  "End-to-end delay"  ETV
vector 409  csma802154net.fixhost[17].udpApp  "End-to-end delay"  ETV
vector 403  csma802154net.fixhost[11].udpApp  "End-to-end delay"  ETV
vector 408  csma802154net.fixhost[16].udpApp  "End-to-end delay"  ETV
vector 402  csma802154net.fixhost[10].udpApp  "End-to-end delay"  ETV
vector 395  csma802154net.fixhost[3].udpApp  "End-to-end delay"  ETV
vector 393  csma802154net.fixhost[1].udpApp  "End-to-end delay"  ETV
383	301080	70.042236026899	0.042236026899
383	301860	70.064884056308	0.064884056308
383	302640	70.088812094247	0.088812094247
383	311085	71.041276033681	0.041276033681
383	311852	71.065204075276	0.065204075276
383	312625	71.088172113011	0.088172113011
383	321910	72.043516041556	0.043516041556
383	322688	72.066164077274	0.066164077274
383	336088	72.327540976805	0.327540976805
383	338972	73.040636014143	0.040636014143
383	366499	74.222568986631	1.222568986631
386	11001	40.005	1
386	11011	40.01	0
386	12182	40.039323915511	248
386	13912	40.044323915511	0
386	16439	40.068786850741	7
386	16593	40.073786850741	0
386	17751	40.093680098548	59
386	17842	40.098680098548	0
386	18804	40.118267921673	27
386	18838	40.123267921673	0
386	19687	40.143098753763	30
386	19708	40.148098753763	0
386	20539	40.16776435278	62
386	20551	40.17276435278	0
386	21321	40.195962901173	121
386	21322	40.200962901173	0
386	22219	43.005	0
386	22220	43.01	0
386	22869	43.024278011657	1
386	23013	43.029278011657	0
386	24032	43.055489268429	247
386	25781	43.060489268429	0
386	28415	43.084766944237	4
386	28537	43.089766944237	0
386	29969	43.10962069573	32
386	30051	43.11462069573	0
386	31228	43.134334793912	18
386	31259	43.139334793912	0
386	32112	43.159177865887	53
386	32155	43.164177865887	0
386	33255	43.18641125125	124
386	33262	43.19141125125	0
386	33835	43.212023245465	42
386	33836	43.217023245465	0
386	36005	44.09297328872	0
386	36006	44.09797328872	0
386	37045	45.005	0
386	37046	45.01	0
386	37695	45.022998017753	1
386	37839	45.027998017753	0
386	39005	45.055636481563	247
386	39962	45.060636481563	0
386	42432	45.08156230524	0
386	42714	45.08656230524	0
386	45614	45.130809483624	79
386	45667	45.135809483624	0
386	47850	45.201664541795	33
386	48206	45.206664541795	18
386	48208	45.211664541795	0
386	54110	47.005	0
386	54111	47.01	0
386	54764	47.022998020186	1
386	54902	47.027998020186	0
386	55870	47.054356025969	247
386	57530	47.059356025969	0
386	61154	47.083561884624	23
386	61288	47.088561884624	0
386	63356	47.10863150254	4
386	63393	47.11363150254	0
386	64706	47.133703723323	52
386	64722	47.138703723323	0
386	65868	47.15864478835	31
386	65889	47.16364478835	0
386	66853	47.183873093766	66
386	66886	47.188873093766	0
386	67448	47.210191150814	39
386	67449	47.215191150814	0
386	68230	47.263966876838	0
386	68368	47.268966876838	0
386	74383	49.005	0
386	74384	49.01	0
386	75020	49.023638021314	1
386	75033	49.028638021314	0
386	76328	49.059040198852	247
386	77468	49.064040198852	0
386	80020	49.089243978297	12
386	80201	49.094243978297	0
386	81926	49.113793062459	2
386	81985	49.118793062459	0
386	83197	49.138733187371	29
386	83220	49.143733187371	0
386	84357	49.182841824878	12
386	84852	49.187841824878	60
386	84996	49.192841824878	0
386	85223	49.210621279388	12
386	85712	49.215621279388	61
386	85847	49.220621279388	0
386	86483	49.244683486399	0
386	86628	49.249683486399	0
386	93530	51.005	0
386	93531	51.01	0
386	94174	51.023638020281	1
386	94318	51.028638020281	0
386	95346	51.056589323368	247
386	97431	51.061589323368	0
386	100552	51.085644832048	6
386	100696	51.090644832048	0
386	101908	51.110666234031	7
386	101993	51.115666234031	0
386	103012	51.1352914054	19
386	103047	51.1402914054	0
386	104389	51.162103402006	41
386	104402	51.167103402006	0
386	105311	51.18915422783	6
386	105315	51.19415422783	0
386	106084	51.21451010735	124
386	106085	51.21951010735	0
386	110597	53.005	0
386	110598	53.01	0
386	111245	53.022358017455	1
386	111255	53.027358017455	0
386	112451	53.057858461185	247
386	114274	53.062858461185	0
386	117252	53.08666114056	2
386	117401	53.09166114056	0
386	119048	53.111538194626	8
386	119093	53.116538194626	0
386	120263	53.136147968456	18
386	120287	53.141147968456	0
386	122044	53.186963094506	124
386	122050	53.191963094506	0
386	122700	53.213269858628	62
386	122835	53.218269858628	0
386	123487	53.24469556347	0
386	123628	53.24969556347	0
386	125158	53.823638020281	1
386	125299	53.828638020281	0
386	126291	53.856446307035	247
386	127668	53.861446307035	0
386	130446	53.885251619857	26
386	130591	53.890251619857	0
386	132053	53.910009280564	7
386	132134	53.915009280564	0
386	132851	53.934867318958	6
386	132881	53.939867318958	0
386	133985	53.95976557537	124
386	134020	53.96476557537	0
386	134809	53.984510398299	7
386	134827	53.989510398299	0
386	135574	54.009059204069	27
386	135575	54.014059204069	0
386	141542	55.005	0
386	141544	55.01	0
386	142192	55.023318017077	1
386	142336	55.028318017077	0
386	143441	55.056772190722	247
386	144647	55.061772190722	0
386	146310	55.083512320462	0
386	146726	55.088512320462	0
386	147692	55.108734571741	51
386	147907	55.113734571741	6
386	147965	55.118734571741	0
386	149130	55.133357999893	54
386	149314	55.138357999893	0
386	150402	55.156959237642	16
386	150438	55.161959237642	0
386	151280	55.182471496777	33
386	151297	55.187471496777	0
386	152032	55.207352144838	113
386	152167	55.212352144838	0
386	159236	57.005	0
386	159237	57.01	0
386	159890	57.023638017254	1
386	159894	57.028638017254	0
386	161232	57.119956023037	64
386	161482	57.124956023037	0
386	164222	57.167361288157	20
386	164298	57.172361288157	0
386	166032	57.217469058485	2
386	166041	57.222469058485	0
386	167221	57.243537710212	205
386	167914	57.248537710212	0
386	170374	57.270393380242	35
386	170442	57.275393380242	0
386	171960	57.295140494557	4
386	172005	57.300140494557	0
386	173143	57.320333687617	121
386	173156	57.325333687617	0
386	174046	57.346539585455	42
386	174073	57.351539585455	0
386	174714	57.372564011343	16
386	174719	57.377564011343	0
386	175617	57.399176933185	124
386	175622	57.404176933185	0
386	176374	57.426885122297	124
386	176375	57.431885122297	0
386	180977	58.279398553469	0
386	180988	58.284398553469	0
386	184666	59.005	0
386	184667	59.01	0
386	185313	59.022358018464	1
386	185457	59.027358018464	0
386	186483	59.054932768731	247
386	188237	59.059932768731	0
386	191252	59.083780685328	4
386	191368	59.088780685328	0
386	193452	59.108558513289	4
386	193529	59.113558513289	0
386	196000	59.160757375872	124
386	196029	59.165757375872	0
386	196893	59.185614162912	65
386	196908	59.190614162912	0
386	197506	59.211258392023	48
386	197508	59.216258392023	0
386	197696	59.222088929371	11
386	197697	59.227088929371	0
386	198481	59.293191008915	0
386	198619	59.298191008915	0
386	200139	59.423638020281	1
386	200280	59.428638020281	0
386	201503	59.457012172629	247
386	202605	59.462012172629	0
386	204993	59.488001550917	6
386	205115	59.493001550917	0
386	206450	59.512249021068	33
386	206539	59.517249021068	0
386	207449	59.537963609251	56
386	207485	59.542963609251	0
386	208583	59.562850527701	118
386	208625	59.567850527701	0
386	209311	59.587125888688	15
386	209321	59.592125888688	0
386	210203	59.61150466154	120
386	210204	59.61650466154	0
386	210946	59.63774841727	122
386	210947	59.64274841727	0
386	212329	60.091854291091	0
386	212330	60.096854291091	0
386	219284	61.005	0
386	219285	61.01	0
386	219934	61.024278013166	1
386	219944	61.029278013166	0
386	221057	61.061553058356	247
386	222695	61.066553058356	0
386	225260	61.090452738936	19
386	225411	61.095452738936	0
386	226905	61.115457071602	8
386	226992	61.120457071602	0
386	228425	61.140179619725	17
386	228465	61.145179619725	0
386	229267	61.165813357449	13
386	229407	61.170813357449	0
386	230118	61.190871108437	65
386	230263	61.195871108437	0
386	231060	61.224125425296	124
386	231195	61.229125425296	0
386	238038	62.220966237382	0
386	238039	62.225966237382	0
386	239508	63.005	0
386	239509	63.01	0
386	240159	63.022678012759	1
386	240172	63.027678012759	0
386	241279	63.057530388134	247
386	243207	63.062530388134	0
386	246216	63.087008464106	3
386	246381	63.092008464106	0
386	247708	63.111844706362	1
386	247760	63.116844706362	0
386	249271	63.136533845849	84
386	249302	63.141533845849	0
386	250493	63.161369348399	14
386	250527	63.166369348399	0
386	251450	63.186172793424	79
386	251462	63.191172793424	0
386	252457	63.211419074467	115
386	252458	63.216419074467	0
386	260472	65.005	0
386	260473	65.01	0
386	261125	65.023958005783	0
386	261263	65.028958005783	0
386	268422	65.231605573654	0
386	268423	65.236605573654	0
386	300017	70.00501	0
386	300018	70.01001	0
386	300683	70.024278015242	0
386	300821	70.029278015242	0
386	310024	71.00501	0
386	310025	71.01001	0
386	310690	71.023958012367	0
386	310826	71.028958012367	0
386	320862	72.00501	0
386	320863	72.01001	0
386	321507	72.024278024302	1
386	321651	72.029278024302	0
386	324387	72.102852101521	247
386	325497	72.107852101521	0
386	328215	72.131827230951	1
386	328375	72.136827230951	0
386	330051	72.156052066864	1
386	330154	72.161052066864	0
386	331107	72.18098480788	19
386	331125	72.18598480788	0
386	332012	72.205495050776	70
386	332033	72.210495050776	0
386	332992	72.231515771738	124
386	333017	72.236515771738	0
386	333945	72.25575340175	124
386	333946	72.26075340175	0
386	334662	72.280004379683	116
386	334921	72.285004379683	0
386	335690	72.309572959728	0
386	335828	72.314572959728	0
386	337899	73.00501	0
386	337900	73.01001	0
386	338574	73.02267800836	2
386	338712	73.02767800836	0
386	340710	73.077964025709	247
386	341669	73.082964025709	0
386	344561	73.105292025709	247
386	345219	73.110292025709	0
386	346712	73.129510257144	11
386	346830	73.134510257144	0
386	348216	73.154301537101	34
386	348286	73.159301537101	0
386	349442	73.179083753159	32
386	349541	73.184083753159	0
386	351087	73.204062560241	47
386	351214	73.209062560241	0
386	353509	73.228882404835	13
386	353599	73.233882404835	0
386	355600	73.253720358316	5
386	355705	73.258720358316	0
386	357038	73.278464346712	70
386	357098	73.283464346712	0
386	358087	73.303363408542	25
386	358130	73.308363408542	0
386	359125	73.328000086104	124
386	359147	73.333000086104	0
386	359894	73.3528827651	51
386	359910	73.3578827651	0
386	360291	73.375458829601	12
386	360297	73.380458829601	0
386	360902	73.386730404835	60
386	360903	73.391730404835	0
386	363432	74.135343189071	0
386	363454	74.140343189071	0
386	366239	74.209910973465	0
386	366240	74.214910973465	0
386	405731	80.005	1
386	405872	80.01	0
386	406912	80.037134787124	248
386	408983	80.042134787124	0
386	412342	80.066272362499	4
386	412476	80.071272362499	0
386	414198	80.091065670889	13
386	414310	80.096065670889	0
386	415509	80.116787777084	38
386	415544	80.121787777084	0
386	416641	80.142355186368	51
386	416658	80.147355186368	0
386	417490	80.16730764141	26
386	417495	80.17230764141	0
386	418391	80.19219553211	124
386	418394	80.19719553211	0
386	419147	80.216727265265	124
386	419148	80.221727265265	0
387	11001	40.005	0
387	11011	40.01	0
387	12182	40.039323915511	0
387	13912	40.044323915511	0
387	16439	40.068786850741	0
387	16593	40.073786850741	0
387	17751	40.093680098548	0
387	17842	40.098680098548	0
387	18804	40.118267921673	0
387	18838	40.123267921673	0
387	19687	40.143098753763	0
387	19708	40.148098753763	0
387	20539	40.16776435278	0
387	20551	40.17276435278	0
387	21321	40.195962901173	0
387	21322	40.200962901173	0
387	22219	43.005	0
387	22220	43.01	0
387	22869	43.024278011657	0
387	23013	43.029278011657	0
387	24032	43.055489268429	0
387	25781	43.060489268429	0
387	28415	43.084766944237	0
387	28537	43.089766944237	0
387	29969	43.10962069573	0
387	30051	43.11462069573	0
387	31228	43.134334793912	0
387	31259	43.139334793912	0
387	32112	43.159177865887	0
387	32155	43.164177865887	0
387	33255	43.18641125125	0
387	33262	43.19141125125	0
387	33835	43.212023245465	0
387	33836	43.217023245465	0
387	36005	44.09297328872	0
387	36006	44.09797328872	0
387	37045	45.005	0
387	37046	45.01	0
387	37695	45.022998017753	0
387	37839	45.027998017753	0
387	39005	45.055636481563	0
387	39962	45.060636481563	0
387	42432	45.08156230524	0
387	42714	45.08656230524	0
387	45614	45.130809483624	0
387	45667	45.135809483624	0
387	47850	45.201664541795	0
387	48206	45.206664541795	0
387	48208	45.211664541795	0
387	54110	47.005	0
387	54111	47.01	0
387	54764	47.022998020186	0
387	54902	47.027998020186	0
387	55870	47.054356025969	0
387	57530	47.059356025969	0
387	61154	47.083561884624	0
387	61288	47.088561884624	0
387	63356	47.10863150254	0
387	63393	47.11363150254	0
387	64706	47.133703723323	0
387	64722	47.138703723323	0
387	65868	47.15864478835	0
387	65889	47.16364478835	0
387	66853	47.183873093766	0
387	66886	47.188873093766	0
387	67448	47.210191150814	0
387	67449	47.215191150814	0
387	68230	47.263966876838	0
387	68368	47.268966876838	0
387	74383	49.005	0
387	74384	49.01	0
387	75020	49.023638021314	0
387	75033	49.028638021314	0
387	76328	49.059040198852	0
387	77468	49.064040198852	0
387	80020	49.089243978297	0
387	80201	49.094243978297	0
387	81926	49.113793062459	0
387	81985	49.118793062459	0
387	83197	49.138733187371	0
387	83220	49.143733187371	0
387	84357	49.182841824878	0
387	84852	49.187841824878	0
387	84996	49.192841824878	0
387	85223	49.210621279388	0
387	85712	49.215621279388	0
387	85847	49.220621279388	0
387	86483	49.244683486399	0
387	86628	49.249683486399	0
387	93530	51.005	0
387	93531	51.01	0
387	94174	51.023638020281	0
387	94318	51.028638020281	0
387	95346	51.056589323368	0
387	97431	51.061589323368	0
387	100552	51.085644832048	0
387	100696	51.090644832048	0
387	101908	51.110666234031	0
387	101993	51.115666234031	0
387	103012	51.1352914054	0
387	103047	51.1402914054	0
387	104389	51.162103402006	0
387	104402	51.167103402006	0
387	105311	51.18915422783	0
387	105315	51.19415422783	0
387	106084	51.21451010735	0
387	106085	51.21951010735	0
387	110597	53.005	0
387	110598	53.01	0
387	111245	53.022358017455	0
387	111255	53.027358017455	0
387	112451	53.057858461185	0
387	114274	53.062858461185	0
387	117252	53.08666114056	0
387	117401	53.09166114056	0
387	119048	53.111538194626	0
387	119093	53.116538194626	0
387	120263	53.136147968456	0
387	120287	53.141147968456	0
387	122044	53.186963094506	0
387	122050	53.191963094506	0
387	122700	53.213269858628	0
387	122835	53.218269858628	0
387	123487	53.24469556347	0
387	123628	53.24969556347	0
387	125158	53.823638020281	0
387	125299	53.828638020281	0
387	126291	53.856446307035	0
387	127668	53.861446307035	0
387	130446	53.885251619857	0
387	130591	53.890251619857	0
387	132053	53.910009280564	0
387	132134	53.915009280564	0
387	132851	53.934867318958	0
387	132881	53.939867318958	0
387	133985	53.95976557537	0
387	134020	53.96476557537	0
387	134809	53.984510398299	0
387	134827	53.989510398299	0
387	135574	54.009059204069	0
387	135575	54.014059204069	0
387	141542	55.005	0
387	141544	55.01	0
387	142192	55.023318017077	0
387	142336	55.028318017077	0
387	143441	55.056772190722	0
387	144647	55.061772190722	0
387	146310	55.083512320462	0
387	146726	55.088512320462	0
387	147692	55.108734571741	0
387	147907	55.113734571741	0
387	147965	55.118734571741	0
387	149130	55.133357999893	0
387	149314	55.138357999893	0
387	150402	55.156959237642	0
387	150438	55.161959237642	0
387	151280	55.182471496777	0
387	151297	55.187471496777	0
387	152032	55.207352144838	0
387	152167	55.212352144838	0
387	159236	57.005	0
387	159237	57.01	0
387	159890	57.023638017254	0
387	159894	57.028638017254	0
387	161232	57.119956023037	0
387	161482	57.124956023037	0
387	164222	57.167361288157	0
387	164298	57.172361288157	0
387	166032	57.217469058485	0
387	166041	57.222469058485	0
387	167221	57.243537710212	0
387	167914	57.248537710212	0
387	170374	57.270393380242	0
387	170442	57.275393380242	0
387	171960	57.295140494557	0
387	172005	57.300140494557	0
387	173143	57.320333687617	0
387	173156	57.325333687617	0
387	174046	57.346539585455	0
387	174073	57.351539585455	0
387	174714	57.372564011343	0
387	174719	57.377564011343	0
387	175617	57.399176933185	0
387	175622	57.404176933185	0
387	176374	57.426885122297	0
387	176375	57.431885122297	0
387	180977	58.279398553469	0
387	180988	58.284398553469	0
387	184666	59.005	0
387	184667	59.01	0
387	185313	59.022358018464	0
387	185457	59.027358018464	0
387	186483	59.054932768731	0
387	188237	59.059932768731	0
387	191252	59.083780685328	0
387	191368	59.088780685328	0
387	193452	59.108558513289	0
387	193529	59.113558513289	0
387	196000	59.160757375872	0
387	196029	59.165757375872	0
387	196893	59.185614162912	0
387	196908	59.190614162912	0
387	197506	59.211258392023	0
387	197508	59.216258392023	0
387	197696	59.222088929371	0
387	197697	59.227088929371	0
387	198481	59.293191008915	0
387	198619	59.298191008915	0
387	200139	59.423638020281	0
387	200280	59.428638020281	0
387	201503	59.457012172629	0
387	202605	59.462012172629	0
387	204993	59.488001550917	0
387	205115	59.493001550917	0
387	206450	59.512249021068	0
387	206539	59.517249021068	0
387	207449	59.537963609251	0
387	207485	59.542963609251	0
387	208583	59.562850527701	0
387	208625	59.567850527701	0
387	209311	59.587125888688	0
387	209321	59.592125888688	0
387	210203	59.61150466154	0
387	210204	59.61650466154	0
387	210946	59.63774841727	0
387	210947	59.64274841727	0
387	212329	60.091854291091	0
387	212330	60.096854291091	0
387	219284	61.005	0
387	219285	61.01	0
387	219934	61.024278013166	0
387	219944	61.029278013166	0
387	221057	61.061553058356	0
387	222695	61.066553058356	0
387	225260	61.090452738936	0
387	225411	61.095452738936	0
387	226905	61.115457071602	0
387	226992	61.120457071602	0
387	228425	61.140179619725	0
387	228465	61.145179619725	0
387	229267	61.165813357449	0
387	229407	61.170813357449	0
387	230118	61.190871108437	0
387	230263	61.195871108437	0
387	231060	61.224125425296	0
387	231195	61.229125425296	0
387	238038	62.220966237382	0
387	238039	62.225966237382	0
387	239508	63.005	0
387	239509	63.01	0
387	240159	63.022678012759	0
387	240172	63.027678012759	0
387	241279	63.057530388134	0
387	243207	63.062530388134	0
387	246216	63.087008464106	0
387	246381	63.092008464106	0
387	247708	63.111844706362	0
387	247760	63.116844706362	0
387	249271	63.136533845849	0
387	249302	63.141533845849	0
387	250493	63.161369348399	0
387	250527	63.166369348399	0
387	251450	63.186172793424	0
387	251462	63.191172793424	0
387	252457	63.211419074467	0
387	252458	63.216419074467	0
387	260472	65.005	0
387	260473	65.01	0
387	261125	65.023958005783	0
387	261263	65.028958005783	0
387	268422	65.231605573654	0
387	268423	65.236605573654	0
387	300017	70.00501	0
387	300018	70.01001	0
387	300683	70.024278015242	0
387	300821	70.029278015242	0
387	310024	71.00501	0
387	310025	71.01001	0
387	310690	71.023958012367	0
387	310826	71.028958012367	0
387	320862	72.00501	0
387	320863	72.01001	0
387	321507	72.024278024302	0
387	321651	72.029278024302	0
387	324387	72.102852101521	0
387	325497	72.107852101521	0
387	328215	72.131827230951	0
387	328375	72.136827230951	0
387	330051	72.156052066864	0
387	330154	72.161052066864	0
387	331107	72.18098480788	0
387	331125	72.18598480788	0
387	332012	72.205495050776	0
387	332033	72.210495050776	0
387	332992	72.231515771738	0
387	333017	72.236515771738	0
387	333945	72.25575340175	0
387	333946	72.26075340175	0
387	334662	72.280004379683	0
387	334921	72.285004379683	0
387	335690	72.309572959728	0
387	335828	72.314572959728	0
387	337899	73.00501	0
387	337900	73.01001	0
387	338574	73.02267800836	0
387	338712	73.02767800836	0
387	340710	73.077964025709	0
387	341669	73.082964025709	0
387	344561	73.105292025709	0
387	345219	73.110292025709	0
387	346712	73.129510257144	0
387	346830	73.134510257144	0
387	348216	73.154301537101	0
387	348286	73.159301537101	0
387	349442	73.179083753159	0
387	349541	73.184083753159	0
387	351087	73.204062560241	0
387	351214	73.209062560241	0
387	353509	73.228882404835	0
387	353599	73.233882404835	0
387	355600	73.253720358316	0
387	355705	73.258720358316	0
387	357038	73.278464346712	0
387	357098	73.283464346712	0
387	358087	73.303363408542	0
387	358130	73.308363408542	0
387	359125	73.328000086104	0
387	359147	73.333000086104	0
387	359894	73.3528827651	0
387	359910	73.3578827651	0
387	360291	73.375458829601	0
387	360297	73.380458829601	0
387	360902	73.386730404835	0
387	360903	73.391730404835	0
387	363432	74.135343189071	0
387	363454	74.140343189071	0
387	366239	74.209910973465	0
387	366240	74.214910973465	0
387	405731	80.005	0
387	405872	80.01	0
387	406912	80.037134787124	0
387	408983	80.042134787124	0
387	412342	80.066272362499	0
387	412476	80.071272362499	0
387	414198	80.091065670889	0
387	414310	80.096065670889	0
387	415509	80.116787777084	0
387	415544	80.121787777084	0
387	416641	80.142355186368	0
387	416658	80.147355186368	0
387	417490	80.16730764141	0
387	417495	80.17230764141	0
387	418391	80.19219553211	0
387	418394	80.19719553211	0
387	419147	80.216727265265	0
387	419148	80.221727265265	0
388	11001	40.005	0
388	11011	40.01	0
388	12182	40.039323915511	0
388	13912	40.044323915511	0
388	16439	40.068786850741	0
388	16593	40.073786850741	0
388	17751	40.093680098548	0
388	17842	40.098680098548	0
388	18804	40.118267921673	0
388	18838	40.123267921673	0
388	19687	40.143098753763	0
388	19708	40.148098753763	0
388	20539	40.16776435278	0
388	20551	40.17276435278	0
388	21321	40.195962901173	0
388	21322	40.200962901173	0
388	22219	43.005	1
388	22220	43.01	0
388	22869	43.024278011657	0
388	23013	43.029278011657	0
388	24032	43.055489268429	0
388	25781	43.060489268429	0
388	28415	43.084766944237	0
388	28537	43.089766944237	0
388	29969	43.10962069573	0
388	30051	43.11462069573	0
388	31228	43.134334793912	0
388	31259	43.139334793912	0
388	32112	43.159177865887	0
388	32155	43.164177865887	0
388	33255	43.18641125125	0
388	33262	43.19141125125	0
388	33835	43.212023245465	0
388	33836	43.217023245465	0
388	36005	44.09297328872	0
388	36006	44.09797328872	0
388	37045	45.005	1
388	37046	45.01	0
388	37695	45.022998017753	0
388	37839	45.027998017753	0
388	39005	45.055636481563	0
388	39962	45.060636481563	0
388	42432	45.08156230524	0
388	42714	45.08656230524	0
388	45614	45.130809483624	0
388	45667	45.135809483624	0
388	47850	45.201664541795	0
388	48206	45.206664541795	0
388	48208	45.211664541795	0
388	54110	47.005	1
388	54111	47.01	0
388	54764	47.022998020186	0
388	54902	47.027998020186	0
388	55870	47.054356025969	0
388	57530	47.059356025969	0
388	61154	47.083561884624	0
388	61288	47.088561884624	0
388	63356	47.10863150254	0
388	63393	47.11363150254	0
388	64706	47.133703723323	0
388	64722	47.138703723323	0
388	65868	47.15864478835	0
388	65889	47.16364478835	0
388	66853	47.183873093766	0
388	66886	47.188873093766	0
388	67448	47.210191150814	0
388	67449	47.215191150814	0
388	68230	47.263966876838	0
388	68368	47.268966876838	0
388	74383	49.005	1
388	74384	49.01	0
388	75020	49.023638021314	0
388	75033	49.028638021314	0
388	76328	49.059040198852	0
388	77468	49.064040198852	0
388	80020	49.089243978297	0
388	80201	49.094243978297	0
388	81926	49.113793062459	0
388	81985	49.118793062459	0
388	83197	49.138733187371	0
388	83220	49.143733187371	0
388	84357	49.182841824878	0
388	84852	49.187841824878	0
388	84996	49.192841824878	0
388	85223	49.210621279388	0
388	85712	49.215621279388	0
388	85847	49.220621279388	0
388	86483	49.244683486399	0
388	86628	49.249683486399	0
388	93530	51.005	1
388	93531	51.01	0
388	94174	51.023638020281	0
388	94318	51.028638020281	0
388	95346	51.056589323368	0
388	97431	51.061589323368	0
388	100552	51.085644832048	0
388	100696	51.090644832048	0
388	101908	51.110666234031	0
388	101993	51.115666234031	0
388	103012	51.1352914054	0
388	103047	51.1402914054	0
388	104389	51.162103402006	0
388	104402	51.167103402006	0
388	105311	51.18915422783	0
388	105315	51.19415422783	0
388	106084	51.21451010735	0
388	106085	51.21951010735	0
388	110597	53.005	1
388	110598	53.01	0
388	111245	53.022358017455	0
388	111255	53.027358017455	0
388	112451	53.057858461185	0
388	114274	53.062858461185	0
388	117252	53.08666114056	0
388	117401	53.09166114056	0
388	119048	53.111538194626	0
388	119093	53.116538194626	0
388	120263	53.136147968456	0
388	120287	53.141147968456	0
388	122044	53.186963094506	0
388	122050	53.191963094506	0
388	122700	53.213269858628	0
388	122835	53.218269858628	0
388	123487	53.24469556347	0
388	123628	53.24969556347	0
388	125158	53.823638020281	0
388	125299	53.828638020281	0
388	126291	53.856446307035	0
388	127668	53.861446307035	0
388	130446	53.885251619857	0
388	130591	53.890251619857	0
388	132053	53.910009280564	0
388	132134	53.915009280564	0
388	132851	53.934867318958	0
388	132881	53.939867318958	0
388	133985	53.95976557537	0
388	134020	53.96476557537	0
388	134809	53.984510398299	0
388	134827	53.989510398299	0
388	135574	54.009059204069	0
388	135575	54.014059204069	0
388	141542	55.005	1
388	141544	55.01	0
388	142192	55.023318017077	0
388	142336	55.028318017077	0
388	143441	55.056772190722	0
388	144647	55.061772190722	0
388	146310	55.083512320462	0
388	146726	55.088512320462	0
388	147692	55.108734571741	0
388	147907	55.113734571741	0
388	147965	55.118734571741	0
388	149130	55.133357999893	0
388	149314	55.138357999893	0
388	150402	55.156959237642	0
388	150438	55.161959237642	0
388	151280	55.182471496777	0
388	151297	55.187471496777	0
388	152032	55.207352144838	0
388	152167	55.212352144838	0
388	159236	57.005	1
388	159237	57.01	0
388	159890	57.023638017254	0
388	159894	57.028638017254	0
388	161232	57.119956023037	0
388	161482	57.124956023037	0
388	164222	57.167361288157	0
388	164298	57.172361288157	0
388	166032	57.217469058485	0
388	166041	57.222469058485	0
388	167221	57.243537710212	0
388	167914	57.248537710212	0
388	170374	57.270393380242	0
388	170442	57.275393380242	0
388	171960	57.295140494557	0
388	172005	57.300140494557	0
388	173143	57.320333687617	0
388	173156	57.325333687617	0
388	174046	57.346539585455	0
388	174073	57.351539585455	0
388	174714	57.372564011343	0
388	174719	57.377564011343	0
388	175617	57.399176933185	0
388	175622	57.404176933185	0
388	176374	57.426885122297	0
388	176375	57.431885122297	0
388	180977	58.279398553469	0
388	180988	58.284398553469	0
388	184666	59.005	1
388	184667	59.01	0
388	185313	59.022358018464	0
388	185457	59.027358018464	0
388	186483	59.054932768731	0
388	188237	59.059932768731	0
388	191252	59.083780685328	0
388	191368	59.088780685328	0
388	193452	59.108558513289	0
388	193529	59.113558513289	0
388	196000	59.160757375872	0
388	196029	59.165757375872	0
388	196893	59.185614162912	0
388	196908	59.190614162912	0
388	197506	59.211258392023	0
388	197508	59.216258392023	0
388	197696	59.222088929371	0
388	197697	59.227088929371	0
388	198481	59.293191008915	0
388	198619	59.298191008915	0
388	200139	59.423638020281	0
388	200280	59.428638020281	0
388	201503	59.457012172629	0
388	202605	59.462012172629	0
388	204993	59.488001550917	0
388	205115	59.493001550917	0
388	206450	59.512249021068	0
388	206539	59.517249021068	0
388	207449	59.537963609251	0
388	207485	59.542963609251	0
388	208583	59.562850527701	0
388	208625	59.567850527701	0
388	209311	59.587125888688	0
388	209321	59.592125888688	0
388	210203	59.61150466154	0
388	210204	59.61650466154	0
388	210946	59.63774841727	0
388	210947	59.64274841727	0
388	212329	60.091854291091	0
388	212330	60.096854291091	0
388	219284	61.005	1
388	219285	61.01	0
388	219934	61.024278013166	0
388	219944	61.029278013166	0
388	221057	61.061553058356	0
388	222695	61.066553058356	0
388	225260	61.090452738936	0
388	225411	61.095452738936	0
388	226905	61.115457071602	0
388	226992	61.120457071602	0
388	228425	61.140179619725	0
388	228465	61.145179619725	0
388	229267	61.165813357449	0
388	229407	61.170813357449	0
388	230118	61.190871108437	0
388	230263	61.195871108437	0
388	231060	61.224125425296	0
388	231195	61.229125425296	0
388	238038	62.220966237382	0
388	238039	62.225966237382	0
388	239508	63.005	1
388	239509	63.01	0
388	240159	63.022678012759	0
388	240172	63.027678012759	0
388	241279	63.057530388134	0
388	243207	63.062530388134	0
388	246216	63.087008464106	0
388	246381	63.092008464106	0
388	247708	63.111844706362	0
388	247760	63.116844706362	0
388	249271	63.136533845849	0
388	249302	63.141533845849	0
388	250493	63.161369348399	0
388	250527	63.166369348399	0
388	251450	63.186172793424	0
388	251462	63.191172793424	0
388	252457	63.211419074467	0
388	252458	63.216419074467	0
388	260472	65.005	1
388	260473	65.01	0
388	261125	65.023958005783	0
388	261263	65.028958005783	0
388	268422	65.231605573654	0
388	268423	65.236605573654	0
388	300017	70.00501	0
388	300018	70.01001	0
388	300683	70.024278015242	0
388	300821	70.029278015242	0
388	310024	71.00501	0
388	310025	71.01001	0
388	310690	71.023958012367	0
388	310826	71.028958012367	0
388	320862	72.00501	0
388	320863	72.01001	0
388	321507	72.024278024302	0
388	321651	72.029278024302	0
388	324387	72.102852101521	0
388	325497	72.107852101521	0
388	328215	72.131827230951	0
388	328375	72.136827230951	0
388	330051	72.156052066864	0
388	330154	72.161052066864	0
388	331107	72.18098480788	0
388	331125	72.18598480788	0
388	332012	72.205495050776	0
388	332033	72.210495050776	0
388	332992	72.231515771738	0
388	333017	72.236515771738	0
388	333945	72.25575340175	0
388	333946	72.26075340175	0
388	334662	72.280004379683	0
388	334921	72.285004379683	0
388	335690	72.309572959728	0
388	335828	72.314572959728	0
388	337899	73.00501	0
388	337900	73.01001	0
388	338574	73.02267800836	0
388	338712	73.02767800836	0
388	340710	73.077964025709	0
388	341669	73.082964025709	0
388	344561	73.105292025709	0
388	345219	73.110292025709	0
388	346712	73.129510257144	0
388	346830	73.134510257144	0
388	348216	73.154301537101	0
388	348286	73.159301537101	0
388	349442	73.179083753159	0
388	349541	73.184083753159	0
388	351087	73.204062560241	0
388	351214	73.209062560241	0
388	353509	73.228882404835	0
388	353599	73.233882404835	0
388	355600	73.253720358316	0
388	355705	73.258720358316	0
388	357038	73.278464346712	0
388	357098	73.283464346712	0
388	358087	73.303363408542	0
388	358130	73.308363408542	0
388	359125	73.328000086104	0
388	359147	73.333000086104	0
388	359894	73.3528827651	0
388	359910	73.3578827651	0
388	360291	73.375458829601	0
388	360297	73.380458829601	0
388	360902	73.386730404835	0
388	360903	73.391730404835	0
388	363432	74.135343189071	0
388	363454	74.140343189071	0
388	366239	74.209910973465	0
388	366240	74.214910973465	0
388	405731	80.005	0
388	405872	80.01	0
388	406912	80.037134787124	0
388	408983	80.042134787124	0
388	412342	80.066272362499	0
388	412476	80.071272362499	0
388	414198	80.091065670889	0
388	414310	80.096065670889	0
388	415509	80.116787777084	0
388	415544	80.121787777084	0
388	416641	80.142355186368	0
388	416658	80.147355186368	0
388	417490	80.16730764141	0
388	417495	80.17230764141	0
388	418391	80.19219553211	0
388	418394	80.19719553211	0
388	419147	80.216727265265	0
388	419148	80.221727265265	0
389	11001	40.005	0
389	11011	40.01	0
389	12182	40.039323915511	0
389	13912	40.044323915511	0
389	16439	40.068786850741	0
389	16593	40.073786850741	0
389	17751	40.093680098548	0
389	17842	40.098680098548	0
389	18804	40.118267921673	0
389	18838	40.123267921673	0
389	19687	40.143098753763	0
389	19708	40.148098753763	0
389	20539	40.16776435278	0
389	20551	40.17276435278	0
389	21321	40.195962901173	0
389	21322	40.200962901173	0
389	22219	43.005	0
389	22220	43.01	0
389	22869	43.024278011657	0
389	23013	43.029278011657	0
389	24032	43.055489268429	1
389	25781	43.060489268429	0
389	28415	43.084766944237	0
389	28537	43.089766944237	0
389	29969	43.10962069573	0
389	30051	43.11462069573	0
389	31228	43.134334793912	0
389	31259	43.139334793912	0
389	32112	43.159177865887	0
389	32155	43.164177865887	0
389	33255	43.18641125125	0
389	33262	43.19141125125	0
389	33835	43.212023245465	0
389	33836	43.217023245465	0
389	36005	44.09297328872	0
389	36006	44.09797328872	0
389	37045	45.005	0
389	37046	45.01	0
389	37695	45.022998017753	0
389	37839	45.027998017753	0
389	39005	45.055636481563	1
389	39962	45.060636481563	0
389	42432	45.08156230524	1
389	42714	45.08656230524	0
389	45614	45.130809483624	0
389	45667	45.135809483624	0
389	47850	45.201664541795	0
389	48206	45.206664541795	0
389	48208	45.211664541795	0
389	54110	47.005	0
389	54111	47.01	0
389	54764	47.022998020186	0
389	54902	47.027998020186	0
389	55870	47.054356025969	1
389	57530	47.059356025969	0
389	61154	47.083561884624	0
389	61288	47.088561884624	0
389	63356	47.10863150254	0
389	63393	47.11363150254	0
389	64706	47.133703723323	0
389	64722	47.138703723323	0
389	65868	47.15864478835	0
389	65889	47.16364478835	0
389	66853	47.183873093766	0
389	66886	47.188873093766	0
389	67448	47.210191150814	0
389	67449	47.215191150814	0
389	68230	47.263966876838	1
389	68368	47.268966876838	0
389	74383	49.005	0
389	74384	49.01	0
389	75020	49.023638021314	0
389	75033	49.028638021314	0
389	76328	49.059040198852	1
389	77468	49.064040198852	0
389	80020	49.089243978297	0
389	80201	49.094243978297	0
389	81926	49.113793062459	0
389	81985	49.118793062459	0
389	83197	49.138733187371	0
389	83220	49.143733187371	0
389	84357	49.182841824878	0
389	84852	49.187841824878	0
389	84996	49.192841824878	0
389	85223	49.210621279388	0
389	85712	49.215621279388	0
389	85847	49.220621279388	0
389	86483	49.244683486399	1
389	86628	49.249683486399	0
389	93530	51.005	0
389	93531	51.01	0
389	94174	51.023638020281	0
389	94318	51.028638020281	0
389	95346	51.056589323368	1
389	97431	51.061589323368	0
389	100552	51.085644832048	0
389	100696	51.090644832048	0
389	101908	51.110666234031	0
389	101993	51.115666234031	0
389	103012	51.1352914054	0
389	103047	51.1402914054	0
389	104389	51.162103402006	0
389	104402	51.167103402006	0
389	105311	51.18915422783	0
389	105315	51.19415422783	0
389	106084	51.21451010735	0
389	106085	51.21951010735	0
389	110597	53.005	0
389	110598	53.01	0
389	111245	53.022358017455	0
389	111255	53.027358017455	0
389	112451	53.057858461185	1
389	114274	53.062858461185	0
389	117252	53.08666114056	0
389	117401	53.09166114056	0
389	119048	53.111538194626	0
389	119093	53.116538194626	0
389	120263	53.136147968456	0
389	120287	53.141147968456	0
389	122044	53.186963094506	0
389	122050	53.191963094506	0
389	122700	53.213269858628	0
389	122835	53.218269858628	0
389	123487	53.24469556347	1
389	123628	53.24969556347	0
389	125158	53.823638020281	0
389	125299	53.828638020281	0
389	126291	53.856446307035	1
389	127668	53.861446307035	0
389	130446	53.885251619857	0
389	130591	53.890251619857	0
389	132053	53.910009280564	0
389	132134	53.915009280564	0
389	132851	53.934867318958	0
389	132881	53.939867318958	0
389	133985	53.95976557537	0
389	134020	53.96476557537	0
389	134809	53.984510398299	0
389	134827	53.989510398299	0
389	135574	54.009059204069	0
389	135575	54.014059204069	0
389	141542	55.005	0
389	141544	55.01	0
389	142192	55.023318017077	0
389	142336	55.028318017077	0
389	143441	55.056772190722	1
389	144647	55.061772190722	0
389	146310	55.083512320462	1
389	146726	55.088512320462	0
389	147692	55.108734571741	0
389	147907	55.113734571741	0
389	147965	55.118734571741	0
389	149130	55.133357999893	0
389	149314	55.138357999893	0
389	150402	55.156959237642	0
389	150438	55.161959237642	0
389	151280	55.182471496777	0
389	151297	55.187471496777	0
389	152032	55.207352144838	0
389	152167	55.212352144838	0
389	159236	57.005	0
389	159237	57.01	0
389	159890	57.023638017254	0
389	159894	57.028638017254	0
389	161232	57.119956023037	0
389	161482	57.124956023037	0
389	164222	57.167361288157	0
389	164298	57.172361288157	0
389	166032	57.217469058485	0
389	166041	57.222469058485	0
389	167221	57.243537710212	1
389	167914	57.248537710212	0
389	170374	57.270393380242	0
389	170442	57.275393380242	0
389	171960	57.295140494557	0
389	172005	57.300140494557	0
389	173143	57.320333687617	0
389	173156	57.325333687617	0
389	174046	57.346539585455	0
389	174073	57.351539585455	0
389	174714	57.372564011343	0
389	174719	57.377564011343	0
389	175617	57.399176933185	0
389	175622	57.404176933185	0
389	176374	57.426885122297	0
389	176375	57.431885122297	0
389	180977	58.279398553469	0
389	180988	58.284398553469	0
389	184666	59.005	0
389	184667	59.01	0
389	185313	59.022358018464	0
389	185457	59.027358018464	0
389	186483	59.054932768731	1
389	188237	59.059932768731	0
389	191252	59.083780685328	0
389	191368	59.088780685328	0
389	193452	59.108558513289	0
389	193529	59.113558513289	0
389	196000	59.160757375872	0
389	196029	59.165757375872	0
389	196893	59.185614162912	0
389	196908	59.190614162912	0
389	197506	59.211258392023	0
389	197508	59.216258392023	0
389	197696	59.222088929371	0
389	197697	59.227088929371	0
389	198481	59.293191008915	1
389	198619	59.298191008915	0
389	200139	59.423638020281	0
389	200280	59.428638020281	0
389	201503	59.457012172629	1
389	202605	59.462012172629	0
389	204993	59.488001550917	0
389	205115	59.493001550917	0
389	206450	59.512249021068	0
389	206539	59.517249021068	0
389	207449	59.537963609251	0
389	207485	59.542963609251	0
389	208583	59.562850527701	0
389	208625	59.567850527701	0
389	209311	59.587125888688	0
389	209321	59.592125888688	0
389	210203	59.61150466154	0
389	210204	59.61650466154	0
389	210946	59.63774841727	0
389	210947	59.64274841727	0
389	212329	60.091854291091	0
389	212330	60.096854291091	0
389	219284	61.005	0
389	219285	61.01	0
389	219934	61.024278013166	0
389	219944	61.029278013166	0
389	221057	61.061553058356	1
389	222695	61.066553058356	0
389	225260	61.090452738936	0
389	225411	61.095452738936	0
389	226905	61.115457071602	0
389	226992	61.120457071602	0
389	228425	61.140179619725	0
389	228465	61.145179619725	0
389	229267	61.165813357449	0
389	229407	61.170813357449	0
389	230118	61.190871108437	0
389	230263	61.195871108437	0
389	231060	61.224125425296	0
389	231195	61.229125425296	0
389	238038	62.220966237382	0
389	238039	62.225966237382	0
389	239508	63.005	0
389	239509	63.01	0
389	240159	63.022678012759	0
389	240172	63.027678012759	0
389	241279	63.057530388134	1
389	243207	63.062530388134	0
389	246216	63.087008464106	0
389	246381	63.092008464106	0
389	247708	63.111844706362	0
389	247760	63.116844706362	0
389	249271	63.136533845849	0
389	249302	63.141533845849	0
389	250493	63.161369348399	0
389	250527	63.166369348399	0
389	251450	63.186172793424	0
389	251462	63.191172793424	0
389	252457	63.211419074467	0
389	252458	63.216419074467	0
389	260472	65.005	0
389	260473	65.01	0
389	261125	65.023958005783	0
389	261263	65.028958005783	0
389	268422	65.231605573654	0
389	268423	65.236605573654	0
389	300017	70.00501	0
389	300018	70.01001	0
389	300683	70.024278015242	0
389	300821	70.029278015242	0
389	310024	71.00501	0
389	310025	71.01001	0
389	310690	71.023958012367	0
389	310826	71.028958012367	0
389	320862	72.00501	0
389	320863	72.01001	0
389	321507	72.024278024302	0
389	321651	72.029278024302	0
389	324387	72.102852101521	1
389	325497	72.107852101521	0
389	328215	72.131827230951	0
389	328375	72.136827230951	0
389	330051	72.156052066864	0
389	330154	72.161052066864	0
389	331107	72.18098480788	0
389	331125	72.18598480788	0
389	332012	72.205495050776	0
389	332033	72.210495050776	0
389	332992	72.231515771738	0
389	333017	72.236515771738	0
389	333945	72.25575340175	0
389	333946	72.26075340175	0
389	334662	72.280004379683	0
389	334921	72.285004379683	0
389	335690	72.309572959728	1
389	335828	72.314572959728	0
389	337899	73.00501	0
389	337900	73.01001	0
389	338574	73.02267800836	0
389	338712	73.02767800836	0
389	340710	73.077964025709	1
389	341669	73.082964025709	0
389	344561	73.105292025709	1
389	345219	73.110292025709	0
389	346712	73.129510257144	0
389	346830	73.134510257144	0
389	348216	73.154301537101	0
389	348286	73.159301537101	0
389	349442	73.179083753159	0
389	349541	73.184083753159	0
389	351087	73.204062560241	0
389	351214	73.209062560241	0
389	353509	73.228882404835	0
389	353599	73.233882404835	0
389	355600	73.253720358316	0
389	355705	73.258720358316	0
389	357038	73.278464346712	0
389	357098	73.283464346712	0
389	358087	73.303363408542	0
389	358130	73.308363408542	0
389	359125	73.328000086104	0
389	359147	73.333000086104	0
389	359894	73.3528827651	0
389	359910	73.3578827651	0
389	360291	73.375458829601	0
389	360297	73.380458829601	0
389	360902	73.386730404835	0
389	360903	73.391730404835	0
389	363432	74.135343189071	0
389	363454	74.140343189071	0
389	366239	74.209910973465	0
389	366240	74.214910973465	0
389	405731	80.005	0
389	405872	80.01	0
389	406912	80.037134787124	0
389	408983	80.042134787124	0
389	412342	80.066272362499	0
389	412476	80.071272362499	0
389	414198	80.091065670889	0
389	414310	80.096065670889	0
389	415509	80.116787777084	0
389	415544	80.121787777084	0
389	416641	80.142355186368	0
389	416658	80.147355186368	0
389	417490	80.16730764141	0
389	417495	80.17230764141	0
389	418391	80.19219553211	0
389	418394	80.19719553211	0
389	419147	80.216727265265	0
389	419148	80.221727265265	0
390	11001	40.005	0
390	11011	40.01	0
390	12182	40.039323915511	0
390	13912	40.044323915511	0
390	16439	40.068786850741	0
390	16593	40.073786850741	0
390	17751	40.093680098548	0
390	17842	40.098680098548	0
390	18804	40.118267921673	0
390	18838	40.123267921673	0
390	19687	40.143098753763	0
390	19708	40.148098753763	0
390	20539	40.16776435278	0
390	20551	40.17276435278	0
390	21321	40.195962901173	0
390	21322	40.200962901173	0
390	22219	43.005	1
390	22220	43.01	0
390	22869	43.024278011657	0
390	23013	43.029278011657	0
390	24032	43.055489268429	1
390	25781	43.060489268429	0
390	28415	43.084766944237	0
390	28537	43.089766944237	0
390	29969	43.10962069573	0
390	30051	43.11462069573	0
390	31228	43.134334793912	0
390	31259	43.139334793912	0
390	32112	43.159177865887	0
390	32155	43.164177865887	0
390	33255	43.18641125125	0
390	33262	43.19141125125	0
390	33835	43.212023245465	0
390	33836	43.217023245465	0
390	36005	44.09297328872	1
390	36006	44.09797328872	0
390	37045	45.005	1
390	37046	45.01	0
390	37695	45.022998017753	0
390	37839	45.027998017753	0
390	39005	45.055636481563	1
390	39962	45.060636481563	0
390	42432	45.08156230524	1
390	42714	45.08656230524	0
390	45614	45.130809483624	0
390	45667	45.135809483624	0
390	47850	45.201664541795	0
390	48206	45.206664541795	0
390	48208	45.211664541795	0
390	54110	47.005	1
390	54111	47.01	0
390	54764	47.022998020186	0
390	54902	47.027998020186	0
390	55870	47.054356025969	1
390	57530	47.059356025969	0
390	61154	47.083561884624	0
390	61288	47.088561884624	0
390	63356	47.10863150254	0
390	63393	47.11363150254	0
390	64706	47.133703723323	0
390	64722	47.138703723323	0
390	65868	47.15864478835	0
390	65889	47.16364478835	0
390	66853	47.183873093766	0
390	66886	47.188873093766	0
390	67448	47.210191150814	0
390	67449	47.215191150814	0
390	68230	47.263966876838	1
390	68368	47.268966876838	0
390	74383	49.005	1
390	74384	49.01	0
390	75020	49.023638021314	0
390	75033	49.028638021314	0
390	76328	49.059040198852	1
390	77468	49.064040198852	0
390	80020	49.089243978297	0
390	80201	49.094243978297	0
390	81926	49.113793062459	0
390	81985	49.118793062459	0
390	83197	49.138733187371	0
390	83220	49.143733187371	0
390	84357	49.182841824878	0
390	84852	49.187841824878	0
390	84996	49.192841824878	0
390	85223	49.210621279388	0
390	85712	49.215621279388	0
390	85847	49.220621279388	0
390	86483	49.244683486399	1
390	86628	49.249683486399	0
390	93530	51.005	1
390	93531	51.01	0
390	94174	51.023638020281	0
390	94318	51.028638020281	0
390	95346	51.056589323368	1
390	97431	51.061589323368	0
390	100552	51.085644832048	0
390	100696	51.090644832048	0
390	101908	51.110666234031	0
390	101993	51.115666234031	0
390	103012	51.1352914054	0
390	103047	51.1402914054	0
390	104389	51.162103402006	0
390	104402	51.167103402006	0
390	105311	51.18915422783	0
390	105315	51.19415422783	0
390	106084	51.21451010735	0
390	106085	51.21951010735	0
390	110597	53.005	1
390	110598	53.01	0
390	111245	53.022358017455	0
390	111255	53.027358017455	0
390	112451	53.057858461185	1
390	114274	53.062858461185	0
390	117252	53.08666114056	0
390	117401	53.09166114056	0
390	119048	53.111538194626	0
390	119093	53.116538194626	0
390	120263	53.136147968456	0
390	120287	53.141147968456	0
390	122044	53.186963094506	0
390	122050	53.191963094506	0
390	122700	53.213269858628	0
390	122835	53.218269858628	0
390	123487	53.24469556347	1
390	123628	53.24969556347	0
390	125158	53.823638020281	0
390	125299	53.828638020281	0
390	126291	53.856446307035	1
390	127668	53.861446307035	0
390	130446	53.885251619857	0
390	130591	53.890251619857	0
390	132053	53.910009280564	0
390	132134	53.915009280564	0
390	132851	53.934867318958	0
390	132881	53.939867318958	0
390	133985	53.95976557537	0
390	134020	53.96476557537	0
390	134809	53.984510398299	0
390	134827	53.989510398299	0
390	135574	54.009059204069	0
390	135575	54.014059204069	0
390	141542	55.005	1
390	141544	55.01	0
390	142192	55.023318017077	0
390	142336	55.028318017077	0
390	143441	55.056772190722	1
390	144647	55.061772190722	0
390	146310	55.083512320462	1
390	146726	55.088512320462	0
390	147692	55.108734571741	0
390	147907	55.113734571741	0
390	147965	55.118734571741	0
390	149130	55.133357999893	0
390	149314	55.138357999893	0
390	150402	55.156959237642	0
390	150438	55.161959237642	0
390	151280	55.182471496777	0
390	151297	55.187471496777	0
390	152032	55.207352144838	0
390	152167	55.212352144838	0
390	159236	57.005	1
390	159237	57.01	0
390	159890	57.023638017254	0
390	159894	57.028638017254	0
390	161232	57.119956023037	0
390	161482	57.124956023037	0
390	164222	57.167361288157	0
390	164298	57.172361288157	0
390	166032	57.217469058485	0
390	166041	57.222469058485	0
390	167221	57.243537710212	1
390	167914	57.248537710212	0
390	170374	57.270393380242	0
390	170442	57.275393380242	0
390	171960	57.295140494557	0
390	172005	57.300140494557	0
390	173143	57.320333687617	0
390	173156	57.325333687617	0
390	174046	57.346539585455	0
390	174073	57.351539585455	0
390	174714	57.372564011343	0
390	174719	57.377564011343	0
390	175617	57.399176933185	0
390	175622	57.404176933185	0
390	176374	57.426885122297	0
390	176375	57.431885122297	0
390	180977	58.279398553469	1
390	180988	58.284398553469	0
390	184666	59.005	1
390	184667	59.01	0
390	185313	59.022358018464	0
390	185457	59.027358018464	0
390	186483	59.054932768731	1
390	188237	59.059932768731	0
390	191252	59.083780685328	0
390	191368	59.088780685328	0
390	193452	59.108558513289	0
390	193529	59.113558513289	0
390	196000	59.160757375872	0
390	196029	59.165757375872	0
390	196893	59.185614162912	0
390	196908	59.190614162912	0
390	197506	59.211258392023	0
390	197508	59.216258392023	0
390	197696	59.222088929371	0
390	197697	59.227088929371	0
390	198481	59.293191008915	1
390	198619	59.298191008915	0
390	200139	59.423638020281	0
390	200280	59.428638020281	0
390	201503	59.457012172629	1
390	202605	59.462012172629	0
390	204993	59.488001550917	0
390	205115	59.493001550917	0
390	206450	59.512249021068	0
390	206539	59.517249021068	0
390	207449	59.537963609251	0
390	207485	59.542963609251	0
390	208583	59.562850527701	0
390	208625	59.567850527701	0
390	209311	59.587125888688	0
390	209321	59.592125888688	0
390	210203	59.61150466154	0
390	210204	59.61650466154	0
390	210946	59.63774841727	0
390	210947	59.64274841727	0
390	212329	60.091854291091	1
390	212330	60.096854291091	0
390	219284	61.005	1
390	219285	61.01	0
390	219934	61.024278013166	0
390	219944	61.029278013166	0
390	221057	61.061553058356	1
390	222695	61.066553058356	0
390	225260	61.090452738936	0
390	225411	61.095452738936	0
390	226905	61.115457071602	0
390	226992	61.120457071602	0
390	228425	61.140179619725	0
390	228465	61.145179619725	0
390	229267	61.165813357449	0
390	229407	61.170813357449	0
390	230118	61.190871108437	0
390	230263	61.195871108437	0
390	231060	61.224125425296	0
390	231195	61.229125425296	0
390	238038	62.220966237382	1
390	238039	62.225966237382	0
390	239508	63.005	1
390	239509	63.01	0
390	240159	63.022678012759	0
390	240172	63.027678012759	0
390	241279	63.057530388134	1
390	243207	63.062530388134	0
390	246216	63.087008464106	0
390	246381	63.092008464106	0
390	247708	63.111844706362	0
390	247760	63.116844706362	0
390	249271	63.136533845849	0
390	249302	63.141533845849	0
390	250493	63.161369348399	0
390	250527	63.166369348399	0
390	251450	63.186172793424	0
390	251462	63.191172793424	0
390	252457	63.211419074467	0
390	252458	63.216419074467	0
390	260472	65.005	1
390	260473	65.01	0
390	261125	65.023958005783	1
390	261263	65.028958005783	0
390	268422	65.231605573654	1
390	268423	65.236605573654	0
390	300017	70.00501	1
390	300018	70.01001	0
390	300683	70.024278015242	3
390	300821	70.029278015242	0
390	310024	71.00501	1
390	310025	71.01001	0
390	310690	71.023958012367	3
390	310826	71.028958012367	0
390	320862	72.00501	1
390	320863	72.01001	0
390	321507	72.024278024302	2
390	321651	72.029278024302	0
390	324387	72.102852101521	1
390	325497	72.107852101521	0
390	328215	72.131827230951	0
390	328375	72.136827230951	0
390	330051	72.156052066864	0
390	330154	72.161052066864	0
390	331107	72.18098480788	0
390	331125	72.18598480788	0
390	332012	72.205495050776	0
390	332033	72.210495050776	0
390	332992	72.231515771738	0
390	333017	72.236515771738	0
390	333945	72.25575340175	0
390	333946	72.26075340175	0
390	334662	72.280004379683	0
390	334921	72.285004379683	0
390	335690	72.309572959728	1
390	335828	72.314572959728	0
390	337899	73.00501	1
390	337900	73.01001	0
390	338574	73.02267800836	1
390	338712	73.02767800836	0
390	340710	73.077964025709	1
390	341669	73.082964025709	0
390	344561	73.105292025709	1
390	345219	73.110292025709	0
390	346712	73.129510257144	0
390	346830	73.134510257144	0
390	348216	73.154301537101	0
390	348286	73.159301537101	0
390	349442	73.179083753159	0
390	349541	73.184083753159	0
390	351087	73.204062560241	0
390	351214	73.209062560241	0
390	353509	73.228882404835	0
390	353599	73.233882404835	0
390	355600	73.253720358316	0
390	355705	73.258720358316	0
390	357038	73.278464346712	0
390	357098	73.283464346712	0
390	358087	73.303363408542	0
390	358130	73.308363408542	0
390	359125	73.328000086104	0
390	359147	73.333000086104	0
390	359894	73.3528827651	0
390	359910	73.3578827651	0
390	360291	73.375458829601	0
390	360297	73.380458829601	0
390	360902	73.386730404835	0
390	360903	73.391730404835	0
390	363432	74.135343189071	1
390	363454	74.140343189071	0
390	366239	74.209910973465	1
390	366240	74.214910973465	0
390	405731	80.005	0
390	405872	80.01	0
390	406912	80.037134787124	0
390	408983	80.042134787124	0
390	412342	80.066272362499	0
390	412476	80.071272362499	0
390	414198	80.091065670889	0
390	414310	80.096065670889	0
390	415509	80.116787777084	0
390	415544	80.121787777084	0
390	416641	80.142355186368	0
390	416658	80.147355186368	0
390	417490	80.16730764141	0
390	417495	80.17230764141	0
390	418391	80.19219553211	0
390	418394	80.19719553211	0
390	419147	80.216727265265	0
390	419148	80.221727265265	0
393	366499	74.222568986631	1.222568986631
395	338972	73.040636014143	0.040636014143
398	301080	70.042236026899	0.042236026899
401	311085	71.041276033681	0.041276033681
402	336088	72.327540976805	0.327540976805
403	321910	72.043516041556	0.043516041556
404	311852	71.065204075276	0.065204075276
408	322688	72.066164077274	0.066164077274
409	312625	71.088172113011	0.088172113011
411	301860	70.064884056308	0.064884056308
412	302640	70.088812094247	0.088812094247
