version 2
run AODVScenario_1h-0-20121004-19:09:54-592
attr configname AODVScenario_1h
attr datetime 20121004-19:09:54
attr experiment AODVScenario_1h
attr inifile omnetpp.ini
attr iterationvars ""
attr iterationvars2 $repetition=0
attr measurement ""
attr network csma802154net
attr processid 592
attr repetition 0
attr replication #0
attr resultdir results
attr runnumber 0
attr seedset 0

vector 386  csma802154net.dataCentricNetworkMan  RREQPacketFrequency  ETV
vector 387  csma802154net.dataCentricNetworkMan  DiscoveryPacketFrequency  ETV
vector 388  csma802154net.dataCentricNetworkMan  RegisterPacketFrequency  ETV
vector 389  csma802154net.dataCentricNetworkMan  RReplyPacketFrequency  ETV
vector 390  csma802154net.dataCentricNetworkMan  AODVDataPacketFrequency  ETV
vector 393  csma802154net.fixhost[1].udpApp  "End-to-end delay"  ETV
vector 383  csma802154net.dataCentricNetworkMan  dataPacketE2EDelay  ETV
vector 409  csma802154net.fixhost[17].udpApp  "End-to-end delay"  ETV
vector 401  csma802154net.fixhost[9].udpApp  "End-to-end delay"  ETV
vector 402  csma802154net.fixhost[10].udpApp  "End-to-end delay"  ETV
vector 398  csma802154net.fixhost[6].udpApp  "End-to-end delay"  ETV
vector 394  csma802154net.fixhost[2].udpApp  "End-to-end delay"  ETV
vector 412  csma802154net.fixhost[20].udpApp  "End-to-end delay"  ETV
vector 404  csma802154net.fixhost[12].udpApp  "End-to-end delay"  ETV
383	716711	73.316231948345	0.316231948345
383	776476	74.513452381628	3.513452381628
383	779051	74.608988425786	3.608988425786
383	786729	74.928689577916	2.928689577916
383	819431	76.339454156869	6.339454156869
383	821713	76.960055503234	3.960055503234
383	876067	78.92503624917	8.92503624917
383	890969	79.679090051606	8.679090051606
386	11001	40.005	1
386	11011	40.01	0
386	14306	40.039323915511	248
386	15851	40.044323915511	0
386	21667	40.112317859113	7
386	21731	40.117317859113	0
386	23061	40.137279630284	3
386	23194	40.142279630284	0
386	24837	40.162253725301	2
386	24950	40.167253725301	0
386	28073	40.211629314467	3
386	28185	40.216629314467	0
386	29442	40.235057803091	55
386	29543	40.240057803091	0
386	33827	40.305972584344	41
386	33950	40.310972584344	0
386	38078	40.380109070927	9
386	38120	40.385109070927	0
386	40460	40.428566667681	35
386	40486	40.433566667681	0
386	43061	40.509045668668	121
386	43066	40.514045668668	0
386	44852	40.564284499861	121
386	44857	40.569284499861	0
386	45593	40.590179181918	120
386	45594	40.595179181918	0
386	74879	43.005	0
386	74880	43.01	0
386	106198	45.005	0
386	106199	45.01	0
386	140863	47.005	0
386	140864	47.01	0
386	179296	49.005	0
386	179297	49.01	0
386	216180	51.005	0
386	216181	51.01	0
386	255285	53.005	0
386	255286	53.01	0
386	298112	55.005	0
386	298113	55.01	0
386	337599	57.005	0
386	337600	57.01	0
386	378445	59.005	0
386	378446	59.01	0
386	420686	61.005	0
386	420687	61.01	0
386	464952	63.005	0
386	464953	63.01	0
386	509040	65.005	0
386	509041	65.01	0
386	613975	70.00501	0
386	614237	70.01001	0
386	616331	70.091694015241	3
386	616479	70.096694015241	0
386	617610	70.122412021024	247
386	618632	70.127412021024	0
386	621082	70.149100021023	247
386	621816	70.154100021023	0
386	624565	70.198268402597	13
386	624607	70.203268402597	0
386	625973	70.223814843653	29
386	626085	70.228814843653	0
386	627494	70.24846222432	21
386	627600	70.25346222432	0
386	629700	70.273292895398	54
386	629807	70.278292895398	0
386	632026	70.297937053931	9
386	632114	70.302937053931	0
386	633782	70.322714371703	19
386	633848	70.327714371703	0
386	635097	70.348012014754	11
386	635124	70.353012014754	0
386	636074	70.374727893449	23
386	636091	70.379727893449	0
386	636866	70.399975809918	54
386	636867	70.404975809918	0
386	637491	70.42542320662	54
386	637492	70.43042320662	0
386	637831	70.442984724262	1
386	637832	70.447984724262	0
386	638604	70.47143262236	124
386	638605	70.47643262236	0
386	639810	71.00501	0
386	639811	71.01001	0
386	640483	71.022998012367	3
386	640493	71.027998012367	0
386	642029	71.07323601815	247
386	642976	71.07823601815	0
386	646297	71.09928401815	247
386	646972	71.10428401815	0
386	649075	71.123527075677	19
386	649175	71.128527075677	0
386	651224	71.148492136763	14
386	651309	71.153492136763	0
386	652915	71.173239403225	4
386	653018	71.178239403225	0
386	654698	71.19780320053	31
386	654794	71.20280320053	0
386	656750	71.222424730531	23
386	656883	71.227424730531	0
386	658700	71.247207471316	3
386	658791	71.252207471316	0
386	660076	71.272016525103	6
386	660131	71.277016525103	0
386	661067	71.296665174358	59
386	661086	71.301665174358	0
386	662042	71.321631244202	124
386	662049	71.326631244202	0
386	662965	71.345984836358	123
386	662978	71.350984836358	0
386	663729	71.37096374257	122
386	663730	71.37596374257	0
386	664602	71.417954506619	51
386	664603	71.422954506619	0
386	665845	72.00501	0
386	665846	72.01001	0
386	666532	72.022998024302	3
386	666548	72.027998024302	0
386	668651	72.099476030085	228
386	669655	72.104476030085	0
386	675379	72.173994819379	61
386	675431	72.178994819379	0
386	676721	72.198678693613	22
386	676757	72.203678693613	0
386	677704	72.224168929404	2
386	677723	72.229168929404	0
386	679016	72.26833703133	0
386	679431	72.27333703133	0
386	682029	72.34552569755	0
386	682059	72.35052569755	0
386	683467	72.413873553097	0
386	683469	72.418873553097	0
386	686283	72.508319313267	0
386	686430	72.513319313267	0
386	688094	72.560802316986	0
386	688232	72.565802316986	0
386	689737	72.638021714801	0
386	689744	72.643021714801	0
386	692411	72.891694015241	3
386	692436	72.896694015241	0
386	693701	72.925420253466	247
386	694692	72.930420253466	0
386	698031	72.952108253466	247
386	698699	72.957108253466	0
386	700807	72.976324264889	6
386	700918	72.981324264889	0
386	702690	73.001059123336	24
386	702768	73.006059123336	0
386	704327	73.025740099072	21
386	704405	73.030740099072	0
386	706015	73.050584953039	3
386	706137	73.055584953039	0
386	707425	73.07527353834	16
386	707581	73.08027353834	0
386	709324	73.0996230391	1
386	709429	73.1046230391	0
386	710967	73.124793626266	14
386	711037	73.129793626266	0
386	712087	73.149753425775	59
386	712119	73.154753425775	0
386	712880	73.174472636059	36
386	712902	73.179472636059	0
386	713875	73.199932429008	124
386	713888	73.204932429008	0
386	714779	73.224569084946	124
386	714791	73.229569084946	0
386	715626	73.251955382753	112
386	715627	73.256955382753	0
386	716302	73.27011393518	2
386	716318	73.27511393518	0
386	718479	73.352279967294	247
386	719476	73.357279967294	0
386	722753	73.379287967294	145
386	723213	73.384287967294	0
386	725090	73.403534205272	1
386	725157	73.408534205272	0
386	726505	73.428349337434	68
386	726599	73.433349337434	0
386	728154	73.453244970589	25
386	728223	73.458244970589	0
386	730182	73.477809074564	23
386	730282	73.482809074564	0
386	731529	73.50306703607	14
386	731595	73.50806703607	0
386	733700	73.528163032852	166
386	734135	73.533163032852	0
386	736340	73.552447829835	7
386	736438	73.557447829835	0
386	737563	73.577545667658	2
386	737612	73.582545667658	0
386	738481	73.602591676018	39
386	738514	73.607591676018	0
386	739695	73.628673487482	122
386	739707	73.633673487482	0
386	740628	73.652948112585	25
386	740633	73.657948112585	0
386	741447	73.678047366654	76
386	741448	73.683047366654	0
386	741466	73.822998012367	3
386	741619	73.827998012367	0
386	742756	73.856538428844	244
386	743771	73.861538428844	0
386	747282	73.883866428844	201
386	747777	73.888866428844	0
386	747906	73.893866428844	0
386	749928	73.908132421097	17
386	750042	73.913132421097	0
386	751833	73.933397766186	14
386	751898	73.938397766186	0
386	753467	73.958180739064	31
386	753567	73.963180739064	0
386	759459	74.032409890875	9
386	759573	74.037409890875	0
386	760714	74.056868276955	23
386	760753	74.061868276955	0
386	762401	74.081276675533	53
386	762478	74.086276675533	0
386	764425	74.12877332309	0
386	764486	74.13377332309	0
386	764689	74.142210319217	1
386	764972	74.147210319217	0
386	768070	74.221596378059	0
386	768232	74.226596378059	0
386	770975	74.293328190863	0
386	770991	74.298328190863	0
386	772157	74.339348364174	0
386	772177	74.344348364174	0
386	773330	74.395363752295	0
386	773339	74.400363752295	0
386	777772	74.546220416538	0
386	777776	74.551220416538	0
386	778656	74.582623018468	0
386	778660	74.587623018468	0
386	779863	74.822998024302	1
386	779872	74.827998024302	0
386	781233	74.859991118242	246
386	782227	74.864991118242	0
386	784387	74.886329264836	0
386	784543	74.891329264836	0
386	785806	74.910811380636	5
386	786252	74.915811380636	0
386	788232	74.958724143128	65
386	788257	74.963724143128	0
386	788641	74.983148133636	1
386	789371	74.988148133636	0
386	790384	75.015513803753	46
386	790523	75.020513803753	0
386	790941	75.046392709173	7
386	790942	75.051392709173	0
386	791836	75.084077200028	124
386	791976	75.089077200028	0
386	792736	75.113487359802	124
386	792737	75.118487359802	0
386	793506	75.162676398577	0
386	793510	75.167676398577	0
386	808002	76.07012393518	2
386	808149	76.07512393518	0
386	809424	76.103662638636	247
386	810430	76.108662638636	0
386	814264	76.15517572108	14
386	814325	76.16017572108	0
386	815379	76.180172547094	68
386	815426	76.185172547094	0
386	816570	76.204906137749	124
386	816614	76.209906137749	0
386	817298	76.229468252872	20
386	817320	76.234468252872	0
386	818374	76.255043844802	124
386	818375	76.260043844802	0
386	819037	76.279491330171	68
386	819038	76.284491330171	0
386	821451	76.946757490475	0
386	821454	76.951757490475	0
386	843678	78.180560685298	0
386	843871	78.185560685298	0
386	851406	78.491704015241	2
386	851547	78.496704015241	0
386	852733	78.522589786131	247
386	853753	78.527589786131	0
386	856466	78.549277786131	246
386	857144	78.554277786131	0
386	858846	78.573895163979	77
386	858957	78.578895163979	0
386	860163	78.598204682305	14
386	860217	78.603204682305	0
386	861914	78.622964395804	122
386	861995	78.627964395804	0
386	863896	78.647294390583	19
386	864002	78.652294390583	0
386	865699	78.67220748242	11
386	865797	78.67720748242	0
386	867790	78.696862607838	17
386	867893	78.701862607838	0
386	870023	78.721697717458	4
386	870076	78.726697717458	0
386	871315	78.746463855415	3
386	871365	78.751463855415	0
386	872943	78.797045566399	124
386	872955	78.802045566399	0
386	873895	78.823191133081	124
386	873896	78.828191133081	0
386	874559	78.849116228985	0
386	874701	78.854116228985	0
386	875093	78.877998888825	0
386	875098	78.882998888825	0
386	875669	78.891361488393	12
386	875673	78.896361488393	0
386	877424	79.423008012367	1
386	877431	79.428008012367	0
386	878667	79.45876567754	247
386	880431	79.46376567754	0
386	885487	79.512576814381	3
386	885570	79.517576814381	0
386	886948	79.537368211374	6
386	886974	79.542368211374	0
386	887956	79.562683914996	15
386	887992	79.567683914996	0
386	888942	79.588754924823	121
386	888960	79.593754924823	0
386	889693	79.613358287782	117
386	889694	79.618358287782	0
386	890572	79.661122031325	0
386	890710	79.666122031325	0
386	892703	80.005	1
386	892713	80.01	0
386	895800	80.03985051661	248
386	896910	80.04485051661	0
386	901930	80.112176591566	124
386	902003	80.117176591566	0
386	904679	80.161920743347	8
386	904786	80.166920743347	0
386	906104	80.185698965857	15
386	906237	80.190698965857	0
386	907894	80.210015778696	33
386	908013	80.215015778696	0
386	909360	80.234702091297	38
386	909446	80.239702091297	0
386	910205	80.259668159712	2
386	910234	80.264668159712	0
386	910663	80.283115808606	12
386	910712	80.288115808606	0
386	911963	80.307583858101	124
386	911977	80.312583858101	0
386	912782	80.334046465103	24
386	912787	80.339046465103	0
386	913489	80.357175305226	0
386	913631	80.362175305226	0
386	914579	80.390143328854	115
386	914581	80.395143328854	0
386	915445	80.415139472008	117
386	915450	80.420139472008	0
386	916135	80.441986195545	0
386	916282	80.446986195545	0
386	917098	80.472571530586	103
386	917237	80.477571530586	0
386	918016	80.505034211876	124
386	918017	80.510034211876	0
387	11001	40.005	0
387	11011	40.01	0
387	14306	40.039323915511	0
387	15851	40.044323915511	0
387	21667	40.112317859113	0
387	21731	40.117317859113	0
387	23061	40.137279630284	0
387	23194	40.142279630284	0
387	24837	40.162253725301	0
387	24950	40.167253725301	0
387	28073	40.211629314467	0
387	28185	40.216629314467	0
387	29442	40.235057803091	0
387	29543	40.240057803091	0
387	33827	40.305972584344	0
387	33950	40.310972584344	0
387	38078	40.380109070927	0
387	38120	40.385109070927	0
387	40460	40.428566667681	0
387	40486	40.433566667681	0
387	43061	40.509045668668	0
387	43066	40.514045668668	0
387	44852	40.564284499861	0
387	44857	40.569284499861	0
387	45593	40.590179181918	0
387	45594	40.595179181918	0
387	74879	43.005	0
387	74880	43.01	0
387	106198	45.005	0
387	106199	45.01	0
387	140863	47.005	0
387	140864	47.01	0
387	179296	49.005	0
387	179297	49.01	0
387	216180	51.005	0
387	216181	51.01	0
387	255285	53.005	0
387	255286	53.01	0
387	298112	55.005	0
387	298113	55.01	0
387	337599	57.005	0
387	337600	57.01	0
387	378445	59.005	0
387	378446	59.01	0
387	420686	61.005	0
387	420687	61.01	0
387	464952	63.005	0
387	464953	63.01	0
387	509040	65.005	0
387	509041	65.01	0
387	613975	70.00501	0
387	614237	70.01001	0
387	616331	70.091694015241	0
387	616479	70.096694015241	0
387	617610	70.122412021024	0
387	618632	70.127412021024	0
387	621082	70.149100021023	0
387	621816	70.154100021023	0
387	624565	70.198268402597	0
387	624607	70.203268402597	0
387	625973	70.223814843653	0
387	626085	70.228814843653	0
387	627494	70.24846222432	0
387	627600	70.25346222432	0
387	629700	70.273292895398	0
387	629807	70.278292895398	0
387	632026	70.297937053931	0
387	632114	70.302937053931	0
387	633782	70.322714371703	0
387	633848	70.327714371703	0
387	635097	70.348012014754	0
387	635124	70.353012014754	0
387	636074	70.374727893449	0
387	636091	70.379727893449	0
387	636866	70.399975809918	0
387	636867	70.404975809918	0
387	637491	70.42542320662	0
387	637492	70.43042320662	0
387	637831	70.442984724262	0
387	637832	70.447984724262	0
387	638604	70.47143262236	0
387	638605	70.47643262236	0
387	639810	71.00501	0
387	639811	71.01001	0
387	640483	71.022998012367	0
387	640493	71.027998012367	0
387	642029	71.07323601815	0
387	642976	71.07823601815	0
387	646297	71.09928401815	0
387	646972	71.10428401815	0
387	649075	71.123527075677	0
387	649175	71.128527075677	0
387	651224	71.148492136763	0
387	651309	71.153492136763	0
387	652915	71.173239403225	0
387	653018	71.178239403225	0
387	654698	71.19780320053	0
387	654794	71.20280320053	0
387	656750	71.222424730531	0
387	656883	71.227424730531	0
387	658700	71.247207471316	0
387	658791	71.252207471316	0
387	660076	71.272016525103	0
387	660131	71.277016525103	0
387	661067	71.296665174358	0
387	661086	71.301665174358	0
387	662042	71.321631244202	0
387	662049	71.326631244202	0
387	662965	71.345984836358	0
387	662978	71.350984836358	0
387	663729	71.37096374257	0
387	663730	71.37596374257	0
387	664602	71.417954506619	0
387	664603	71.422954506619	0
387	665845	72.00501	0
387	665846	72.01001	0
387	666532	72.022998024302	0
387	666548	72.027998024302	0
387	668651	72.099476030085	0
387	669655	72.104476030085	0
387	675379	72.173994819379	0
387	675431	72.178994819379	0
387	676721	72.198678693613	0
387	676757	72.203678693613	0
387	677704	72.224168929404	0
387	677723	72.229168929404	0
387	679016	72.26833703133	0
387	679431	72.27333703133	0
387	682029	72.34552569755	0
387	682059	72.35052569755	0
387	683467	72.413873553097	0
387	683469	72.418873553097	0
387	686283	72.508319313267	0
387	686430	72.513319313267	0
387	688094	72.560802316986	0
387	688232	72.565802316986	0
387	689737	72.638021714801	0
387	689744	72.643021714801	0
387	692411	72.891694015241	0
387	692436	72.896694015241	0
387	693701	72.925420253466	0
387	694692	72.930420253466	0
387	698031	72.952108253466	0
387	698699	72.957108253466	0
387	700807	72.976324264889	0
387	700918	72.981324264889	0
387	702690	73.001059123336	0
387	702768	73.006059123336	0
387	704327	73.025740099072	0
387	704405	73.030740099072	0
387	706015	73.050584953039	0
387	706137	73.055584953039	0
387	707425	73.07527353834	0
387	707581	73.08027353834	0
387	709324	73.0996230391	0
387	709429	73.1046230391	0
387	710967	73.124793626266	0
387	711037	73.129793626266	0
387	712087	73.149753425775	0
387	712119	73.154753425775	0
387	712880	73.174472636059	0
387	712902	73.179472636059	0
387	713875	73.199932429008	0
387	713888	73.204932429008	0
387	714779	73.224569084946	0
387	714791	73.229569084946	0
387	715626	73.251955382753	0
387	715627	73.256955382753	0
387	716302	73.27011393518	0
387	716318	73.27511393518	0
387	718479	73.352279967294	0
387	719476	73.357279967294	0
387	722753	73.379287967294	0
387	723213	73.384287967294	0
387	725090	73.403534205272	0
387	725157	73.408534205272	0
387	726505	73.428349337434	0
387	726599	73.433349337434	0
387	728154	73.453244970589	0
387	728223	73.458244970589	0
387	730182	73.477809074564	0
387	730282	73.482809074564	0
387	731529	73.50306703607	0
387	731595	73.50806703607	0
387	733700	73.528163032852	0
387	734135	73.533163032852	0
387	736340	73.552447829835	0
387	736438	73.557447829835	0
387	737563	73.577545667658	0
387	737612	73.582545667658	0
387	738481	73.602591676018	0
387	738514	73.607591676018	0
387	739695	73.628673487482	0
387	739707	73.633673487482	0
387	740628	73.652948112585	0
387	740633	73.657948112585	0
387	741447	73.678047366654	0
387	741448	73.683047366654	0
387	741466	73.822998012367	0
387	741619	73.827998012367	0
387	742756	73.856538428844	0
387	743771	73.861538428844	0
387	747282	73.883866428844	0
387	747777	73.888866428844	0
387	747906	73.893866428844	0
387	749928	73.908132421097	0
387	750042	73.913132421097	0
387	751833	73.933397766186	0
387	751898	73.938397766186	0
387	753467	73.958180739064	0
387	753567	73.963180739064	0
387	759459	74.032409890875	0
387	759573	74.037409890875	0
387	760714	74.056868276955	0
387	760753	74.061868276955	0
387	762401	74.081276675533	0
387	762478	74.086276675533	0
387	764425	74.12877332309	0
387	764486	74.13377332309	0
387	764689	74.142210319217	0
387	764972	74.147210319217	0
387	768070	74.221596378059	0
387	768232	74.226596378059	0
387	770975	74.293328190863	0
387	770991	74.298328190863	0
387	772157	74.339348364174	0
387	772177	74.344348364174	0
387	773330	74.395363752295	0
387	773339	74.400363752295	0
387	777772	74.546220416538	0
387	777776	74.551220416538	0
387	778656	74.582623018468	0
387	778660	74.587623018468	0
387	779863	74.822998024302	0
387	779872	74.827998024302	0
387	781233	74.859991118242	0
387	782227	74.864991118242	0
387	784387	74.886329264836	0
387	784543	74.891329264836	0
387	785806	74.910811380636	0
387	786252	74.915811380636	0
387	788232	74.958724143128	0
387	788257	74.963724143128	0
387	788641	74.983148133636	0
387	789371	74.988148133636	0
387	790384	75.015513803753	0
387	790523	75.020513803753	0
387	790941	75.046392709173	0
387	790942	75.051392709173	0
387	791836	75.084077200028	0
387	791976	75.089077200028	0
387	792736	75.113487359802	0
387	792737	75.118487359802	0
387	793506	75.162676398577	0
387	793510	75.167676398577	0
387	808002	76.07012393518	0
387	808149	76.07512393518	0
387	809424	76.103662638636	0
387	810430	76.108662638636	0
387	814264	76.15517572108	0
387	814325	76.16017572108	0
387	815379	76.180172547094	0
387	815426	76.185172547094	0
387	816570	76.204906137749	0
387	816614	76.209906137749	0
387	817298	76.229468252872	0
387	817320	76.234468252872	0
387	818374	76.255043844802	0
387	818375	76.260043844802	0
387	819037	76.279491330171	0
387	819038	76.284491330171	0
387	821451	76.946757490475	0
387	821454	76.951757490475	0
387	843678	78.180560685298	0
387	843871	78.185560685298	0
387	851406	78.491704015241	0
387	851547	78.496704015241	0
387	852733	78.522589786131	0
387	853753	78.527589786131	0
387	856466	78.549277786131	0
387	857144	78.554277786131	0
387	858846	78.573895163979	0
387	858957	78.578895163979	0
387	860163	78.598204682305	0
387	860217	78.603204682305	0
387	861914	78.622964395804	0
387	861995	78.627964395804	0
387	863896	78.647294390583	0
387	864002	78.652294390583	0
387	865699	78.67220748242	0
387	865797	78.67720748242	0
387	867790	78.696862607838	0
387	867893	78.701862607838	0
387	870023	78.721697717458	0
387	870076	78.726697717458	0
387	871315	78.746463855415	0
387	871365	78.751463855415	0
387	872943	78.797045566399	0
387	872955	78.802045566399	0
387	873895	78.823191133081	0
387	873896	78.828191133081	0
387	874559	78.849116228985	0
387	874701	78.854116228985	0
387	875093	78.877998888825	0
387	875098	78.882998888825	0
387	875669	78.891361488393	0
387	875673	78.896361488393	0
387	877424	79.423008012367	0
387	877431	79.428008012367	0
387	878667	79.45876567754	0
387	880431	79.46376567754	0
387	885487	79.512576814381	0
387	885570	79.517576814381	0
387	886948	79.537368211374	0
387	886974	79.542368211374	0
387	887956	79.562683914996	0
387	887992	79.567683914996	0
387	888942	79.588754924823	0
387	888960	79.593754924823	0
387	889693	79.613358287782	0
387	889694	79.618358287782	0
387	890572	79.661122031325	0
387	890710	79.666122031325	0
387	892703	80.005	0
387	892713	80.01	0
387	895800	80.03985051661	0
387	896910	80.04485051661	0
387	901930	80.112176591566	0
387	902003	80.117176591566	0
387	904679	80.161920743347	0
387	904786	80.166920743347	0
387	906104	80.185698965857	0
387	906237	80.190698965857	0
387	907894	80.210015778696	0
387	908013	80.215015778696	0
387	909360	80.234702091297	0
387	909446	80.239702091297	0
387	910205	80.259668159712	0
387	910234	80.264668159712	0
387	910663	80.283115808606	0
387	910712	80.288115808606	0
387	911963	80.307583858101	0
387	911977	80.312583858101	0
387	912782	80.334046465103	0
387	912787	80.339046465103	0
387	913489	80.357175305226	0
387	913631	80.362175305226	0
387	914579	80.390143328854	0
387	914581	80.395143328854	0
387	915445	80.415139472008	0
387	915450	80.420139472008	0
387	916135	80.441986195545	0
387	916282	80.446986195545	0
387	917098	80.472571530586	0
387	917237	80.477571530586	0
387	918016	80.505034211876	0
387	918017	80.510034211876	0
388	11001	40.005	0
388	11011	40.01	0
388	14306	40.039323915511	0
388	15851	40.044323915511	0
388	21667	40.112317859113	0
388	21731	40.117317859113	0
388	23061	40.137279630284	0
388	23194	40.142279630284	0
388	24837	40.162253725301	0
388	24950	40.167253725301	0
388	28073	40.211629314467	0
388	28185	40.216629314467	0
388	29442	40.235057803091	0
388	29543	40.240057803091	0
388	33827	40.305972584344	0
388	33950	40.310972584344	0
388	38078	40.380109070927	0
388	38120	40.385109070927	0
388	40460	40.428566667681	0
388	40486	40.433566667681	0
388	43061	40.509045668668	0
388	43066	40.514045668668	0
388	44852	40.564284499861	0
388	44857	40.569284499861	0
388	45593	40.590179181918	0
388	45594	40.595179181918	0
388	74879	43.005	1
388	74880	43.01	0
388	106198	45.005	1
388	106199	45.01	0
388	140863	47.005	1
388	140864	47.01	0
388	179296	49.005	1
388	179297	49.01	0
388	216180	51.005	1
388	216181	51.01	0
388	255285	53.005	1
388	255286	53.01	0
388	298112	55.005	1
388	298113	55.01	0
388	337599	57.005	1
388	337600	57.01	0
388	378445	59.005	1
388	378446	59.01	0
388	420686	61.005	1
388	420687	61.01	0
388	464952	63.005	1
388	464953	63.01	0
388	509040	65.005	1
388	509041	65.01	0
388	613975	70.00501	0
388	614237	70.01001	0
388	616331	70.091694015241	0
388	616479	70.096694015241	0
388	617610	70.122412021024	0
388	618632	70.127412021024	0
388	621082	70.149100021023	0
388	621816	70.154100021023	0
388	624565	70.198268402597	0
388	624607	70.203268402597	0
388	625973	70.223814843653	0
388	626085	70.228814843653	0
388	627494	70.24846222432	0
388	627600	70.25346222432	0
388	629700	70.273292895398	0
388	629807	70.278292895398	0
388	632026	70.297937053931	0
388	632114	70.302937053931	0
388	633782	70.322714371703	0
388	633848	70.327714371703	0
388	635097	70.348012014754	0
388	635124	70.353012014754	0
388	636074	70.374727893449	0
388	636091	70.379727893449	0
388	636866	70.399975809918	0
388	636867	70.404975809918	0
388	637491	70.42542320662	0
388	637492	70.43042320662	0
388	637831	70.442984724262	0
388	637832	70.447984724262	0
388	638604	70.47143262236	0
388	638605	70.47643262236	0
388	639810	71.00501	0
388	639811	71.01001	0
388	640483	71.022998012367	0
388	640493	71.027998012367	0
388	642029	71.07323601815	0
388	642976	71.07823601815	0
388	646297	71.09928401815	0
388	646972	71.10428401815	0
388	649075	71.123527075677	0
388	649175	71.128527075677	0
388	651224	71.148492136763	0
388	651309	71.153492136763	0
388	652915	71.173239403225	0
388	653018	71.178239403225	0
388	654698	71.19780320053	0
388	654794	71.20280320053	0
388	656750	71.222424730531	0
388	656883	71.227424730531	0
388	658700	71.247207471316	0
388	658791	71.252207471316	0
388	660076	71.272016525103	0
388	660131	71.277016525103	0
388	661067	71.296665174358	0
388	661086	71.301665174358	0
388	662042	71.321631244202	0
388	662049	71.326631244202	0
388	662965	71.345984836358	0
388	662978	71.350984836358	0
388	663729	71.37096374257	0
388	663730	71.37596374257	0
388	664602	71.417954506619	0
388	664603	71.422954506619	0
388	665845	72.00501	0
388	665846	72.01001	0
388	666532	72.022998024302	0
388	666548	72.027998024302	0
388	668651	72.099476030085	0
388	669655	72.104476030085	0
388	675379	72.173994819379	0
388	675431	72.178994819379	0
388	676721	72.198678693613	0
388	676757	72.203678693613	0
388	677704	72.224168929404	0
388	677723	72.229168929404	0
388	679016	72.26833703133	0
388	679431	72.27333703133	0
388	682029	72.34552569755	0
388	682059	72.35052569755	0
388	683467	72.413873553097	0
388	683469	72.418873553097	0
388	686283	72.508319313267	0
388	686430	72.513319313267	0
388	688094	72.560802316986	0
388	688232	72.565802316986	0
388	689737	72.638021714801	0
388	689744	72.643021714801	0
388	692411	72.891694015241	0
388	692436	72.896694015241	0
388	693701	72.925420253466	0
388	694692	72.930420253466	0
388	698031	72.952108253466	0
388	698699	72.957108253466	0
388	700807	72.976324264889	0
388	700918	72.981324264889	0
388	702690	73.001059123336	0
388	702768	73.006059123336	0
388	704327	73.025740099072	0
388	704405	73.030740099072	0
388	706015	73.050584953039	0
388	706137	73.055584953039	0
388	707425	73.07527353834	0
388	707581	73.08027353834	0
388	709324	73.0996230391	0
388	709429	73.1046230391	0
388	710967	73.124793626266	0
388	711037	73.129793626266	0
388	712087	73.149753425775	0
388	712119	73.154753425775	0
388	712880	73.174472636059	0
388	712902	73.179472636059	0
388	713875	73.199932429008	0
388	713888	73.204932429008	0
388	714779	73.224569084946	0
388	714791	73.229569084946	0
388	715626	73.251955382753	0
388	715627	73.256955382753	0
388	716302	73.27011393518	0
388	716318	73.27511393518	0
388	718479	73.352279967294	0
388	719476	73.357279967294	0
388	722753	73.379287967294	0
388	723213	73.384287967294	0
388	725090	73.403534205272	0
388	725157	73.408534205272	0
388	726505	73.428349337434	0
388	726599	73.433349337434	0
388	728154	73.453244970589	0
388	728223	73.458244970589	0
388	730182	73.477809074564	0
388	730282	73.482809074564	0
388	731529	73.50306703607	0
388	731595	73.50806703607	0
388	733700	73.528163032852	0
388	734135	73.533163032852	0
388	736340	73.552447829835	0
388	736438	73.557447829835	0
388	737563	73.577545667658	0
388	737612	73.582545667658	0
388	738481	73.602591676018	0
388	738514	73.607591676018	0
388	739695	73.628673487482	0
388	739707	73.633673487482	0
388	740628	73.652948112585	0
388	740633	73.657948112585	0
388	741447	73.678047366654	0
388	741448	73.683047366654	0
388	741466	73.822998012367	0
388	741619	73.827998012367	0
388	742756	73.856538428844	0
388	743771	73.861538428844	0
388	747282	73.883866428844	0
388	747777	73.888866428844	0
388	747906	73.893866428844	0
388	749928	73.908132421097	0
388	750042	73.913132421097	0
388	751833	73.933397766186	0
388	751898	73.938397766186	0
388	753467	73.958180739064	0
388	753567	73.963180739064	0
388	759459	74.032409890875	0
388	759573	74.037409890875	0
388	760714	74.056868276955	0
388	760753	74.061868276955	0
388	762401	74.081276675533	0
388	762478	74.086276675533	0
388	764425	74.12877332309	0
388	764486	74.13377332309	0
388	764689	74.142210319217	0
388	764972	74.147210319217	0
388	768070	74.221596378059	0
388	768232	74.226596378059	0
388	770975	74.293328190863	0
388	770991	74.298328190863	0
388	772157	74.339348364174	0
388	772177	74.344348364174	0
388	773330	74.395363752295	0
388	773339	74.400363752295	0
388	777772	74.546220416538	0
388	777776	74.551220416538	0
388	778656	74.582623018468	0
388	778660	74.587623018468	0
388	779863	74.822998024302	0
388	779872	74.827998024302	0
388	781233	74.859991118242	0
388	782227	74.864991118242	0
388	784387	74.886329264836	0
388	784543	74.891329264836	0
388	785806	74.910811380636	0
388	786252	74.915811380636	0
388	788232	74.958724143128	0
388	788257	74.963724143128	0
388	788641	74.983148133636	0
388	789371	74.988148133636	0
388	790384	75.015513803753	0
388	790523	75.020513803753	0
388	790941	75.046392709173	0
388	790942	75.051392709173	0
388	791836	75.084077200028	0
388	791976	75.089077200028	0
388	792736	75.113487359802	0
388	792737	75.118487359802	0
388	793506	75.162676398577	0
388	793510	75.167676398577	0
388	808002	76.07012393518	0
388	808149	76.07512393518	0
388	809424	76.103662638636	0
388	810430	76.108662638636	0
388	814264	76.15517572108	0
388	814325	76.16017572108	0
388	815379	76.180172547094	0
388	815426	76.185172547094	0
388	816570	76.204906137749	0
388	816614	76.209906137749	0
388	817298	76.229468252872	0
388	817320	76.234468252872	0
388	818374	76.255043844802	0
388	818375	76.260043844802	0
388	819037	76.279491330171	0
388	819038	76.284491330171	0
388	821451	76.946757490475	0
388	821454	76.951757490475	0
388	843678	78.180560685298	0
388	843871	78.185560685298	0
388	851406	78.491704015241	0
388	851547	78.496704015241	0
388	852733	78.522589786131	0
388	853753	78.527589786131	0
388	856466	78.549277786131	0
388	857144	78.554277786131	0
388	858846	78.573895163979	0
388	858957	78.578895163979	0
388	860163	78.598204682305	0
388	860217	78.603204682305	0
388	861914	78.622964395804	0
388	861995	78.627964395804	0
388	863896	78.647294390583	0
388	864002	78.652294390583	0
388	865699	78.67220748242	0
388	865797	78.67720748242	0
388	867790	78.696862607838	0
388	867893	78.701862607838	0
388	870023	78.721697717458	0
388	870076	78.726697717458	0
388	871315	78.746463855415	0
388	871365	78.751463855415	0
388	872943	78.797045566399	0
388	872955	78.802045566399	0
388	873895	78.823191133081	0
388	873896	78.828191133081	0
388	874559	78.849116228985	0
388	874701	78.854116228985	0
388	875093	78.877998888825	0
388	875098	78.882998888825	0
388	875669	78.891361488393	0
388	875673	78.896361488393	0
388	877424	79.423008012367	0
388	877431	79.428008012367	0
388	878667	79.45876567754	0
388	880431	79.46376567754	0
388	885487	79.512576814381	0
388	885570	79.517576814381	0
388	886948	79.537368211374	0
388	886974	79.542368211374	0
388	887956	79.562683914996	0
388	887992	79.567683914996	0
388	888942	79.588754924823	0
388	888960	79.593754924823	0
388	889693	79.613358287782	0
388	889694	79.618358287782	0
388	890572	79.661122031325	0
388	890710	79.666122031325	0
388	892703	80.005	0
388	892713	80.01	0
388	895800	80.03985051661	0
388	896910	80.04485051661	0
388	901930	80.112176591566	0
388	902003	80.117176591566	0
388	904679	80.161920743347	0
388	904786	80.166920743347	0
388	906104	80.185698965857	0
388	906237	80.190698965857	0
388	907894	80.210015778696	0
388	908013	80.215015778696	0
388	909360	80.234702091297	0
388	909446	80.239702091297	0
388	910205	80.259668159712	0
388	910234	80.264668159712	0
388	910663	80.283115808606	0
388	910712	80.288115808606	0
388	911963	80.307583858101	0
388	911977	80.312583858101	0
388	912782	80.334046465103	0
388	912787	80.339046465103	0
388	913489	80.357175305226	0
388	913631	80.362175305226	0
388	914579	80.390143328854	0
388	914581	80.395143328854	0
388	915445	80.415139472008	0
388	915450	80.420139472008	0
388	916135	80.441986195545	0
388	916282	80.446986195545	0
388	917098	80.472571530586	0
388	917237	80.477571530586	0
388	918016	80.505034211876	0
388	918017	80.510034211876	0
389	11001	40.005	0
389	11011	40.01	0
389	14306	40.039323915511	124
389	15851	40.044323915511	0
389	21667	40.112317859113	0
389	21731	40.117317859113	0
389	23061	40.137279630284	0
389	23194	40.142279630284	0
389	24837	40.162253725301	0
389	24950	40.167253725301	0
389	28073	40.211629314467	0
389	28185	40.216629314467	0
389	29442	40.235057803091	0
389	29543	40.240057803091	0
389	33827	40.305972584344	0
389	33950	40.310972584344	0
389	38078	40.380109070927	0
389	38120	40.385109070927	0
389	40460	40.428566667681	0
389	40486	40.433566667681	0
389	43061	40.509045668668	0
389	43066	40.514045668668	0
389	44852	40.564284499861	0
389	44857	40.569284499861	0
389	45593	40.590179181918	0
389	45594	40.595179181918	0
389	74879	43.005	0
389	74880	43.01	0
389	106198	45.005	0
389	106199	45.01	0
389	140863	47.005	0
389	140864	47.01	0
389	179296	49.005	0
389	179297	49.01	0
389	216180	51.005	0
389	216181	51.01	0
389	255285	53.005	0
389	255286	53.01	0
389	298112	55.005	0
389	298113	55.01	0
389	337599	57.005	0
389	337600	57.01	0
389	378445	59.005	0
389	378446	59.01	0
389	420686	61.005	0
389	420687	61.01	0
389	464952	63.005	0
389	464953	63.01	0
389	509040	65.005	0
389	509041	65.01	0
389	613975	70.00501	0
389	614237	70.01001	0
389	616331	70.091694015241	0
389	616479	70.096694015241	0
389	617610	70.122412021024	1
389	618632	70.127412021024	0
389	621082	70.149100021023	1
389	621816	70.154100021023	0
389	624565	70.198268402597	0
389	624607	70.203268402597	0
389	625973	70.223814843653	0
389	626085	70.228814843653	0
389	627494	70.24846222432	0
389	627600	70.25346222432	0
389	629700	70.273292895398	0
389	629807	70.278292895398	0
389	632026	70.297937053931	0
389	632114	70.302937053931	0
389	633782	70.322714371703	0
389	633848	70.327714371703	0
389	635097	70.348012014754	0
389	635124	70.353012014754	0
389	636074	70.374727893449	0
389	636091	70.379727893449	0
389	636866	70.399975809918	0
389	636867	70.404975809918	0
389	637491	70.42542320662	0
389	637492	70.43042320662	0
389	637831	70.442984724262	0
389	637832	70.447984724262	0
389	638604	70.47143262236	0
389	638605	70.47643262236	0
389	639810	71.00501	0
389	639811	71.01001	0
389	640483	71.022998012367	0
389	640493	71.027998012367	0
389	642029	71.07323601815	1
389	642976	71.07823601815	0
389	646297	71.09928401815	1
389	646972	71.10428401815	0
389	649075	71.123527075677	0
389	649175	71.128527075677	0
389	651224	71.148492136763	0
389	651309	71.153492136763	0
389	652915	71.173239403225	0
389	653018	71.178239403225	0
389	654698	71.19780320053	0
389	654794	71.20280320053	0
389	656750	71.222424730531	0
389	656883	71.227424730531	0
389	658700	71.247207471316	0
389	658791	71.252207471316	0
389	660076	71.272016525103	0
389	660131	71.277016525103	0
389	661067	71.296665174358	0
389	661086	71.301665174358	0
389	662042	71.321631244202	0
389	662049	71.326631244202	0
389	662965	71.345984836358	0
389	662978	71.350984836358	0
389	663729	71.37096374257	0
389	663730	71.37596374257	0
389	664602	71.417954506619	0
389	664603	71.422954506619	0
389	665845	72.00501	0
389	665846	72.01001	0
389	666532	72.022998024302	0
389	666548	72.027998024302	0
389	668651	72.099476030085	39
389	669655	72.104476030085	0
389	675379	72.173994819379	0
389	675431	72.178994819379	0
389	676721	72.198678693613	0
389	676757	72.203678693613	0
389	677704	72.224168929404	0
389	677723	72.229168929404	0
389	679016	72.26833703133	1
389	679431	72.27333703133	0
389	682029	72.34552569755	1
389	682059	72.35052569755	0
389	683467	72.413873553097	1
389	683469	72.418873553097	0
389	686283	72.508319313267	1
389	686430	72.513319313267	0
389	688094	72.560802316986	1
389	688232	72.565802316986	0
389	689737	72.638021714801	1
389	689744	72.643021714801	0
389	692411	72.891694015241	0
389	692436	72.896694015241	0
389	693701	72.925420253466	1
389	694692	72.930420253466	0
389	698031	72.952108253466	1
389	698699	72.957108253466	0
389	700807	72.976324264889	0
389	700918	72.981324264889	0
389	702690	73.001059123336	0
389	702768	73.006059123336	0
389	704327	73.025740099072	0
389	704405	73.030740099072	0
389	706015	73.050584953039	0
389	706137	73.055584953039	0
389	707425	73.07527353834	0
389	707581	73.08027353834	0
389	709324	73.0996230391	0
389	709429	73.1046230391	0
389	710967	73.124793626266	0
389	711037	73.129793626266	0
389	712087	73.149753425775	0
389	712119	73.154753425775	0
389	712880	73.174472636059	0
389	712902	73.179472636059	0
389	713875	73.199932429008	0
389	713888	73.204932429008	0
389	714779	73.224569084946	0
389	714791	73.229569084946	0
389	715626	73.251955382753	0
389	715627	73.256955382753	0
389	716302	73.27011393518	0
389	716318	73.27511393518	0
389	718479	73.352279967294	1
389	719476	73.357279967294	0
389	722753	73.379287967294	1
389	723213	73.384287967294	0
389	725090	73.403534205272	0
389	725157	73.408534205272	0
389	726505	73.428349337434	0
389	726599	73.433349337434	0
389	728154	73.453244970589	0
389	728223	73.458244970589	0
389	730182	73.477809074564	0
389	730282	73.482809074564	0
389	731529	73.50306703607	0
389	731595	73.50806703607	0
389	733700	73.528163032852	0
389	734135	73.533163032852	0
389	736340	73.552447829835	0
389	736438	73.557447829835	0
389	737563	73.577545667658	0
389	737612	73.582545667658	0
389	738481	73.602591676018	0
389	738514	73.607591676018	0
389	739695	73.628673487482	0
389	739707	73.633673487482	0
389	740628	73.652948112585	0
389	740633	73.657948112585	0
389	741447	73.678047366654	0
389	741448	73.683047366654	0
389	741466	73.822998012367	0
389	741619	73.827998012367	0
389	742756	73.856538428844	7
389	743771	73.861538428844	0
389	747282	73.883866428844	93
389	747777	73.888866428844	0
389	747906	73.893866428844	0
389	749928	73.908132421097	0
389	750042	73.913132421097	0
389	751833	73.933397766186	0
389	751898	73.938397766186	0
389	753467	73.958180739064	0
389	753567	73.963180739064	0
389	759459	74.032409890875	0
389	759573	74.037409890875	0
389	760714	74.056868276955	0
389	760753	74.061868276955	0
389	762401	74.081276675533	0
389	762478	74.086276675533	0
389	764425	74.12877332309	1
389	764486	74.13377332309	0
389	764689	74.142210319217	0
389	764972	74.147210319217	0
389	768070	74.221596378059	1
389	768232	74.226596378059	0
389	770975	74.293328190863	1
389	770991	74.298328190863	0
389	772157	74.339348364174	1
389	772177	74.344348364174	0
389	773330	74.395363752295	1
389	773339	74.400363752295	0
389	777772	74.546220416538	0
389	777776	74.551220416538	0
389	778656	74.582623018468	1
389	778660	74.587623018468	0
389	779863	74.822998024302	0
389	779872	74.827998024302	0
389	781233	74.859991118242	3
389	782227	74.864991118242	0
389	784387	74.886329264836	1
389	784543	74.891329264836	0
389	785806	74.910811380636	0
389	786252	74.915811380636	0
389	788232	74.958724143128	0
389	788257	74.963724143128	0
389	788641	74.983148133636	0
389	789371	74.988148133636	0
389	790384	75.015513803753	0
389	790523	75.020513803753	0
389	790941	75.046392709173	0
389	790942	75.051392709173	0
389	791836	75.084077200028	0
389	791976	75.089077200028	0
389	792736	75.113487359802	0
389	792737	75.118487359802	0
389	793506	75.162676398577	1
389	793510	75.167676398577	0
389	808002	76.07012393518	0
389	808149	76.07512393518	0
389	809424	76.103662638636	1
389	810430	76.108662638636	0
389	814264	76.15517572108	0
389	814325	76.16017572108	0
389	815379	76.180172547094	0
389	815426	76.185172547094	0
389	816570	76.204906137749	0
389	816614	76.209906137749	0
389	817298	76.229468252872	0
389	817320	76.234468252872	0
389	818374	76.255043844802	0
389	818375	76.260043844802	0
389	819037	76.279491330171	0
389	819038	76.284491330171	0
389	821451	76.946757490475	0
389	821454	76.951757490475	0
389	843678	78.180560685298	0
389	843871	78.185560685298	0
389	851406	78.491704015241	0
389	851547	78.496704015241	0
389	852733	78.522589786131	1
389	853753	78.527589786131	0
389	856466	78.549277786131	3
389	857144	78.554277786131	0
389	858846	78.573895163979	0
389	858957	78.578895163979	0
389	860163	78.598204682305	0
389	860217	78.603204682305	0
389	861914	78.622964395804	0
389	861995	78.627964395804	0
389	863896	78.647294390583	0
389	864002	78.652294390583	0
389	865699	78.67220748242	0
389	865797	78.67720748242	0
389	867790	78.696862607838	0
389	867893	78.701862607838	0
389	870023	78.721697717458	0
389	870076	78.726697717458	0
389	871315	78.746463855415	0
389	871365	78.751463855415	0
389	872943	78.797045566399	0
389	872955	78.802045566399	0
389	873895	78.823191133081	0
389	873896	78.828191133081	0
389	874559	78.849116228985	1
389	874701	78.854116228985	0
389	875093	78.877998888825	1
389	875098	78.882998888825	0
389	875669	78.891361488393	0
389	875673	78.896361488393	0
389	877424	79.423008012367	0
389	877431	79.428008012367	0
389	878667	79.45876567754	1
389	880431	79.46376567754	0
389	885487	79.512576814381	0
389	885570	79.517576814381	0
389	886948	79.537368211374	0
389	886974	79.542368211374	0
389	887956	79.562683914996	0
389	887992	79.567683914996	0
389	888942	79.588754924823	0
389	888960	79.593754924823	0
389	889693	79.613358287782	0
389	889694	79.618358287782	0
389	890572	79.661122031325	1
389	890710	79.666122031325	0
389	892703	80.005	0
389	892713	80.01	0
389	895800	80.03985051661	124
389	896910	80.04485051661	0
389	901930	80.112176591566	0
389	902003	80.117176591566	0
389	904679	80.161920743347	0
389	904786	80.166920743347	0
389	906104	80.185698965857	0
389	906237	80.190698965857	0
389	907894	80.210015778696	0
389	908013	80.215015778696	0
389	909360	80.234702091297	0
389	909446	80.239702091297	0
389	910205	80.259668159712	0
389	910234	80.264668159712	0
389	910663	80.283115808606	0
389	910712	80.288115808606	0
389	911963	80.307583858101	0
389	911977	80.312583858101	0
389	912782	80.334046465103	0
389	912787	80.339046465103	0
389	913489	80.357175305226	1
389	913631	80.362175305226	0
389	914579	80.390143328854	0
389	914581	80.395143328854	0
389	915445	80.415139472008	0
389	915450	80.420139472008	0
389	916135	80.441986195545	1
389	916282	80.446986195545	0
389	917098	80.472571530586	0
389	917237	80.477571530586	0
389	918016	80.505034211876	0
389	918017	80.510034211876	0
390	11001	40.005	0
390	11011	40.01	0
390	14306	40.039323915511	124
390	15851	40.044323915511	0
390	21667	40.112317859113	0
390	21731	40.117317859113	0
390	23061	40.137279630284	0
390	23194	40.142279630284	0
390	24837	40.162253725301	0
390	24950	40.167253725301	0
390	28073	40.211629314467	0
390	28185	40.216629314467	0
390	29442	40.235057803091	0
390	29543	40.240057803091	0
390	33827	40.305972584344	0
390	33950	40.310972584344	0
390	38078	40.380109070927	0
390	38120	40.385109070927	0
390	40460	40.428566667681	0
390	40486	40.433566667681	0
390	43061	40.509045668668	0
390	43066	40.514045668668	0
390	44852	40.564284499861	0
390	44857	40.569284499861	0
390	45593	40.590179181918	0
390	45594	40.595179181918	0
390	74879	43.005	1
390	74880	43.01	0
390	106198	45.005	1
390	106199	45.01	0
390	140863	47.005	1
390	140864	47.01	0
390	179296	49.005	1
390	179297	49.01	0
390	216180	51.005	1
390	216181	51.01	0
390	255285	53.005	1
390	255286	53.01	0
390	298112	55.005	1
390	298113	55.01	0
390	337599	57.005	1
390	337600	57.01	0
390	378445	59.005	1
390	378446	59.01	0
390	420686	61.005	1
390	420687	61.01	0
390	464952	63.005	1
390	464953	63.01	0
390	509040	65.005	1
390	509041	65.01	0
390	613975	70.00501	1
390	614237	70.01001	0
390	616331	70.091694015241	0
390	616479	70.096694015241	0
390	617610	70.122412021024	1
390	618632	70.127412021024	0
390	621082	70.149100021023	1
390	621816	70.154100021023	0
390	624565	70.198268402597	0
390	624607	70.203268402597	0
390	625973	70.223814843653	0
390	626085	70.228814843653	0
390	627494	70.24846222432	0
390	627600	70.25346222432	0
390	629700	70.273292895398	0
390	629807	70.278292895398	0
390	632026	70.297937053931	0
390	632114	70.302937053931	0
390	633782	70.322714371703	0
390	633848	70.327714371703	0
390	635097	70.348012014754	0
390	635124	70.353012014754	0
390	636074	70.374727893449	0
390	636091	70.379727893449	0
390	636866	70.399975809918	0
390	636867	70.404975809918	0
390	637491	70.42542320662	0
390	637492	70.43042320662	0
390	637831	70.442984724262	0
390	637832	70.447984724262	0
390	638604	70.47143262236	0
390	638605	70.47643262236	0
390	639810	71.00501	1
390	639811	71.01001	0
390	640483	71.022998012367	0
390	640493	71.027998012367	0
390	642029	71.07323601815	1
390	642976	71.07823601815	0
390	646297	71.09928401815	1
390	646972	71.10428401815	0
390	649075	71.123527075677	0
390	649175	71.128527075677	0
390	651224	71.148492136763	0
390	651309	71.153492136763	0
390	652915	71.173239403225	0
390	653018	71.178239403225	0
390	654698	71.19780320053	0
390	654794	71.20280320053	0
390	656750	71.222424730531	0
390	656883	71.227424730531	0
390	658700	71.247207471316	0
390	658791	71.252207471316	0
390	660076	71.272016525103	0
390	660131	71.277016525103	0
390	661067	71.296665174358	0
390	661086	71.301665174358	0
390	662042	71.321631244202	0
390	662049	71.326631244202	0
390	662965	71.345984836358	0
390	662978	71.350984836358	0
390	663729	71.37096374257	0
390	663730	71.37596374257	0
390	664602	71.417954506619	0
390	664603	71.422954506619	0
390	665845	72.00501	1
390	665846	72.01001	0
390	666532	72.022998024302	0
390	666548	72.027998024302	0
390	668651	72.099476030085	39
390	669655	72.104476030085	0
390	675379	72.173994819379	0
390	675431	72.178994819379	0
390	676721	72.198678693613	0
390	676757	72.203678693613	0
390	677704	72.224168929404	0
390	677723	72.229168929404	0
390	679016	72.26833703133	1
390	679431	72.27333703133	0
390	682029	72.34552569755	0
390	682059	72.35052569755	0
390	683467	72.413873553097	0
390	683469	72.418873553097	0
390	686283	72.508319313267	0
390	686430	72.513319313267	0
390	688094	72.560802316986	0
390	688232	72.565802316986	0
390	689737	72.638021714801	0
390	689744	72.643021714801	0
390	692411	72.891694015241	0
390	692436	72.896694015241	0
390	693701	72.925420253466	1
390	694692	72.930420253466	0
390	698031	72.952108253466	1
390	698699	72.957108253466	0
390	700807	72.976324264889	0
390	700918	72.981324264889	0
390	702690	73.001059123336	1
390	702768	73.006059123336	0
390	704327	73.025740099072	0
390	704405	73.030740099072	0
390	706015	73.050584953039	0
390	706137	73.055584953039	0
390	707425	73.07527353834	0
390	707581	73.08027353834	0
390	709324	73.0996230391	0
390	709429	73.1046230391	0
390	710967	73.124793626266	0
390	711037	73.129793626266	0
390	712087	73.149753425775	0
390	712119	73.154753425775	0
390	712880	73.174472636059	0
390	712902	73.179472636059	0
390	713875	73.199932429008	0
390	713888	73.204932429008	0
390	714779	73.224569084946	0
390	714791	73.229569084946	0
390	715626	73.251955382753	0
390	715627	73.256955382753	0
390	716302	73.27011393518	1
390	716318	73.27511393518	0
390	718479	73.352279967294	1
390	719476	73.357279967294	0
390	722753	73.379287967294	1
390	723213	73.384287967294	0
390	725090	73.403534205272	0
390	725157	73.408534205272	0
390	726505	73.428349337434	1
390	726599	73.433349337434	0
390	728154	73.453244970589	0
390	728223	73.458244970589	0
390	730182	73.477809074564	0
390	730282	73.482809074564	0
390	731529	73.50306703607	0
390	731595	73.50806703607	0
390	733700	73.528163032852	0
390	734135	73.533163032852	0
390	736340	73.552447829835	0
390	736438	73.557447829835	0
390	737563	73.577545667658	0
390	737612	73.582545667658	0
390	738481	73.602591676018	0
390	738514	73.607591676018	0
390	739695	73.628673487482	0
390	739707	73.633673487482	0
390	740628	73.652948112585	0
390	740633	73.657948112585	0
390	741447	73.678047366654	0
390	741448	73.683047366654	0
390	741466	73.822998012367	0
390	741619	73.827998012367	0
390	742756	73.856538428844	7
390	743771	73.861538428844	0
390	747282	73.883866428844	92
390	747777	73.888866428844	1
390	747906	73.893866428844	0
390	749928	73.908132421097	0
390	750042	73.913132421097	0
390	751833	73.933397766186	0
390	751898	73.938397766186	0
390	753467	73.958180739064	0
390	753567	73.963180739064	0
390	759459	74.032409890875	0
390	759573	74.037409890875	0
390	760714	74.056868276955	0
390	760753	74.061868276955	0
390	762401	74.081276675533	0
390	762478	74.086276675533	0
390	764425	74.12877332309	0
390	764486	74.13377332309	0
390	764689	74.142210319217	0
390	764972	74.147210319217	0
390	768070	74.221596378059	2
390	768232	74.226596378059	0
390	770975	74.293328190863	0
390	770991	74.298328190863	0
390	772157	74.339348364174	0
390	772177	74.344348364174	0
390	773330	74.395363752295	0
390	773339	74.400363752295	0
390	777772	74.546220416538	1
390	777776	74.551220416538	0
390	778656	74.582623018468	0
390	778660	74.587623018468	0
390	779863	74.822998024302	0
390	779872	74.827998024302	0
390	781233	74.859991118242	3
390	782227	74.864991118242	0
390	784387	74.886329264836	1
390	784543	74.891329264836	0
390	785806	74.910811380636	0
390	786252	74.915811380636	0
390	788232	74.958724143128	0
390	788257	74.963724143128	0
390	788641	74.983148133636	0
390	789371	74.988148133636	0
390	790384	75.015513803753	0
390	790523	75.020513803753	0
390	790941	75.046392709173	0
390	790942	75.051392709173	0
390	791836	75.084077200028	0
390	791976	75.089077200028	0
390	792736	75.113487359802	0
390	792737	75.118487359802	0
390	793506	75.162676398577	0
390	793510	75.167676398577	0
390	808002	76.07012393518	0
390	808149	76.07512393518	0
390	809424	76.103662638636	1
390	810430	76.108662638636	0
390	814264	76.15517572108	0
390	814325	76.16017572108	0
390	815379	76.180172547094	0
390	815426	76.185172547094	0
390	816570	76.204906137749	1
390	816614	76.209906137749	0
390	817298	76.229468252872	0
390	817320	76.234468252872	0
390	818374	76.255043844802	0
390	818375	76.260043844802	0
390	819037	76.279491330171	0
390	819038	76.284491330171	0
390	821451	76.946757490475	1
390	821454	76.951757490475	0
390	843678	78.180560685298	1
390	843871	78.185560685298	0
390	851406	78.491704015241	0
390	851547	78.496704015241	0
390	852733	78.522589786131	1
390	853753	78.527589786131	0
390	856466	78.549277786131	3
390	857144	78.554277786131	0
390	858846	78.573895163979	0
390	858957	78.578895163979	0
390	860163	78.598204682305	0
390	860217	78.603204682305	0
390	861914	78.622964395804	0
390	861995	78.627964395804	0
390	863896	78.647294390583	0
390	864002	78.652294390583	0
390	865699	78.67220748242	0
390	865797	78.67720748242	0
390	867790	78.696862607838	0
390	867893	78.701862607838	0
390	870023	78.721697717458	0
390	870076	78.726697717458	0
390	871315	78.746463855415	0
390	871365	78.751463855415	0
390	872943	78.797045566399	0
390	872955	78.802045566399	0
390	873895	78.823191133081	0
390	873896	78.828191133081	0
390	874559	78.849116228985	1
390	874701	78.854116228985	0
390	875093	78.877998888825	0
390	875098	78.882998888825	0
390	875669	78.891361488393	0
390	875673	78.896361488393	0
390	877424	79.423008012367	0
390	877431	79.428008012367	0
390	878667	79.45876567754	1
390	880431	79.46376567754	0
390	885487	79.512576814381	0
390	885570	79.517576814381	0
390	886948	79.537368211374	0
390	886974	79.542368211374	0
390	887956	79.562683914996	0
390	887992	79.567683914996	0
390	888942	79.588754924823	0
390	888960	79.593754924823	0
390	889693	79.613358287782	0
390	889694	79.618358287782	0
390	890572	79.661122031325	1
390	890710	79.666122031325	0
390	892703	80.005	0
390	892713	80.01	0
390	895800	80.03985051661	124
390	896910	80.04485051661	0
390	901930	80.112176591566	0
390	902003	80.117176591566	0
390	904679	80.161920743347	0
390	904786	80.166920743347	0
390	906104	80.185698965857	0
390	906237	80.190698965857	0
390	907894	80.210015778696	0
390	908013	80.215015778696	0
390	909360	80.234702091297	0
390	909446	80.239702091297	0
390	910205	80.259668159712	0
390	910234	80.264668159712	0
390	910663	80.283115808606	0
390	910712	80.288115808606	0
390	911963	80.307583858101	0
390	911977	80.312583858101	0
390	912782	80.334046465103	0
390	912787	80.339046465103	0
390	913489	80.357175305226	0
390	913631	80.362175305226	0
390	914579	80.390143328854	0
390	914581	80.395143328854	0
390	915445	80.415139472008	0
390	915450	80.420139472008	0
390	916135	80.441986195545	0
390	916282	80.446986195545	0
390	917098	80.472571530586	0
390	917237	80.477571530586	0
390	918016	80.505034211876	0
390	918017	80.510034211876	0
393	716711	73.316231948345	0.316231948345
394	821713	76.960055503234	3.960055503234
398	819431	76.339454156869	6.339454156869
401	779051	74.608988425786	3.608988425786
402	786729	74.928689577916	2.928689577916
404	890969	79.679090051606	8.679090051606
409	776476	74.513452381628	3.513452381628
412	876067	78.92503624917	8.92503624917
